58 46 
1 
36 
76 57 
71 
62 55 
42 9 3 
74 
48 
19 
30 
65 
69 14 68 
32 43 10 
52 51 16 78 27 63 22 
7 
50 41 31 33 
64 23 66 
80 
15 
21 53 20 
59 73 44 
40 39 61 70 
79 
26 45 11 35 
24 5 
72 38 77 37 13 
18 
54 29 
49 34 
2 12 6 
28 75 67 
8 

1 46
2 46
3 1
4 1
5 46
6 1
7 1
8 1
9 46
10 46
11 18
12 18
13 34
14 29
15 34
16 2
17 2
18 34
19 54
20 54
21 3
22 3
23 3
24 3
25 3
26 55
27 3
28 3
29 3
30 3
31 54
32 18
33 18
34 54
35 54
36 54
37 54
38 54
39 34
40 49
41 5
42 5
43 35
44 45
45 5
46 35
47 35
48 35
49 35
50 35
51 54
52 29
53 6
54 29
55 29
56 54
57 54
58 29
59 34
60 54
61 7
62 7
63 7
64 7
65 7
66 7
67 7
68 7
69 7
70 7
71 58
72 72
73 8
74 58
75 19
76 72
77 69
78 19
79 69
80 21
81 9
82 76
83 76
84 62
85 57
86 57
87 71
88 76
89 9
90 76
91 10
92 30
93 10
94 10
95 10
96 30
97 10
98 65
99 68
100 10
101 39
102 79
103 79
104 45
105 79
106 39
107 39
108 79
109 45
110 45
111 54
112 54
113 54
114 54
115 54
116 54
117 34
118 34
119 54
120 54
121 35
122 35
123 13
124 5
125 13
126 5
127 13
128 5
129 13
130 5
131 30
132 30
133 30
134 30
135 30
136 30
137 68
138 14
139 68
140 30
141 80
142 23
143 23
144 15
145 15
146 23
147 80
148 80
149 80
150 15
151 16
152 16
153 43
154 43
155 32
156 65
157 51
158 16
159 14
160 43
161 5
162 45
163 24
164 37
165 45
166 5
167 5
168 35
169 5
170 38
171 38
172 18
173 18
174 24
175 18
176 18
177 38
178 38
179 26
180 38
181 74
182 19
183 19
184 74
185 19
186 74
187 74
188 74
189 74
190 74
191 15
192 15
193 20
194 80
195 15
196 80
197 80
198 15
199 15
200 15
201 53
202 69
203 69
204 21
205 53
206 53
207 19
208 69
209 69
210 21
211 63
212 63
213 7
214 63
215 63
216 63
217 63
218 63
219 63
220 63
221 64
222 66
223 41
224 66
225 50
226 41
227 31
228 41
229 66
230 50
231 5
232 26
233 45
234 24
235 45
236 11
237 5
238 11
239 35
240 11
241 49
242 72
243 58
244 28
245 49
246 58
247 49
248 28
249 58
250 58
251 40
252 39
253 73
254 73
255 61
256 39
257 79
258 59
259 73
260 45
261 27
262 78
263 10
264 14
265 78
266 10
267 10
268 63
269 16
270 10
271 49
272 49
273 72
274 49
275 18
276 72
277 58
278 49
279 49
280 49
281 29
282 29
283 29
284 29
285 29
286 29
287 29
288 54
289 54
290 29
291 30
292 30
293 30
294 30
295 30
296 30
297 30
298 30
299 30
300 30
301 33
302 27
303 16
304 33
305 78
306 33
307 7
308 7
309 33
310 33
311 32
312 74
313 69
314 65
315 19
316 65
317 65
318 32
319 65
320 65
321 7
322 7
323 7
324 22
325 33
326 33
327 7
328 7
329 33
330 7
331 54
332 29
333 54
334 34
335 34
336 54
337 34
338 37
339 54
340 54
341 79
342 35
343 35
344 79
345 79
346 79
347 35
348 79
349 79
350 35
351 1
352 1
353 1
354 1
355 36
356 1
357 46
358 36
359 36
360 1
361 37
362 77
363 45
364 5
365 11
366 45
367 11
368 24
369 5
370 38
371 26
372 11
373 11
374 26
375 39
376 26
377 26
378 11
379 26
380 26
381 39
382 73
383 39
384 44
385 39
386 61
387 39
388 59
389 59
390 40
391 59
392 40
393 21
394 21
395 53
396 69
397 59
398 53
399 59
400 69
401 16
402 16
403 78
404 16
405 50
406 50
407 7
408 16
409 50
410 27
411 76
412 42
413 76
414 62
415 42
416 76
417 62
418 76
419 57
420 76
421 65
422 32
423 65
424 65
425 19
426 14
427 65
428 65
429 65
430 65
431 44
432 44
433 44
434 20
435 44
436 44
437 44
438 20
439 44
440 20
441 79
442 79
443 39
444 39
445 79
446 44
447 61
448 79
449 39
450 39
451 46
452 46
453 46
454 46
455 46
456 46
457 46
458 46
459 46
460 46
461 79
462 79
463 79
464 79
465 79
466 79
467 70
468 70
469 70
470 70
471 48
472 9
473 42
474 9
475 42
476 62
477 76
478 9
479 62
480 9
481 18
482 49
483 18
484 18
485 49
486 18
487 49
488 18
489 38
490 49
491 50
492 50
493 16
494 7
495 50
496 50
497 16
498 43
499 50
500 16
501 65
502 65
503 32
504 65
505 65
506 65
507 32
508 65
509 32
510 32
511 69
512 19
513 69
514 69
515 32
516 32
517 19
518 65
519 74
520 19
521 53
522 53
523 53
524 53
525 53
526 53
527 53
528 53
529 53
530 53
531 54
532 54
533 13
534 37
535 54
536 18
537 13
538 18
539 54
540 13
541 71
542 57
543 57
544 57
545 57
546 57
547 57
548 55
549 57
550 55
551 67
552 58
553 46
554 67
555 46
556 67
557 2
558 67
559 67
560 67
561 57
562 1
563 36
564 36
565 36
566 36
567 36
568 1
569 1
570 1
571 58
572 58
573 58
574 58
575 58
576 58
577 58
578 58
579 58
580 58
581 53
582 53
583 53
584 53
585 53
586 44
587 53
588 53
589 53
590 44
591 5
592 38
593 11
594 38
595 26
596 39
597 26
598 24
599 24
600 38
601 70
602 44
603 44
604 70
605 70
606 70
607 70
608 44
609 70
610 70
611 76
612 76
613 76
614 76
615 76
616 76
617 76
618 76
619 76
620 62
621 63
622 63
623 63
624 63
625 63
626 63
627 63
628 63
629 63
630 63
631 50
632 64
633 64
634 50
635 51
636 52
637 50
638 50
639 51
640 50
641 65
642 74
643 65
644 48
645 74
646 74
647 30
648 74
649 30
650 65
651 33
652 41
653 66
654 41
655 41
656 41
657 33
658 66
659 33
660 41
661 67
662 12
663 67
664 2
665 67
666 2
667 67
668 67
669 2
670 12
671 30
672 30
673 68
674 30
675 30
676 30
677 30
678 30
679 30
680 30
681 74
682 19
683 19
684 19
685 74
686 69
687 69
688 19
689 69
690 69
691 70
692 70
693 70
694 70
695 70
696 70
697 44
698 70
699 70
700 44
701 57
702 36
703 36
704 71
705 1
706 36
707 57
708 57
709 57
710 36
711 69
712 40
713 69
714 72
715 21
716 59
717 21
718 40
719 21
720 40
721 53
722 44
723 59
724 44
725 44
726 44
727 59
728 44
729 44
730 59
731 76
732 74
733 74
734 74
735 42
736 74
737 76
738 76
739 42
740 74
741 34
742 75
743 34
744 67
745 2
746 67
747 58
748 67
749 67
750 67
751 76
752 76
753 76
754 76
755 58
756 76
757 76
758 76
759 76
760 58
761 24
762 45
763 45
764 24
765 11
766 5
767 45
768 77
769 11
770 45
771 43
772 43
773 43
774 14
775 16
776 16
777 16
778 16
779 16
780 16
781 70
782 61
783 70
784 79
785 61
786 79
787 79
788 70
789 70
790 61
791 66
792 64
793 64
794 66
795 66
796 80
797 64
798 23
799 64
800 64

