39 48 
6 
13 
3 17 
4 
76 18 
24 
66 19 
77 61 43 
23 29 
70 73 5 67 
28 
9 
45 15 
31 
1 30 
58 
21 64 56 34 50 
44 78 
40 57 
37 16 
59 
68 
74 
71 
32 
11 
52 14 60 
54 53 
80 79 33 
51 
55 
47 
10 35 8 25 
63 
36 
72 

1 56
2 30
3 31
4 31
5 30
6 30
7 30
8 30
9 30
10 78
11 73
12 45
13 9
14 73
15 58
16 73
17 73
18 9
19 73
20 58
21 4
22 4
23 6
24 4
25 4
26 4
27 6
28 3
29 4
30 4
31 4
32 4
33 4
34 76
35 4
36 4
37 4
38 4
39 4
40 4
41 45
42 73
43 5
44 73
45 9
46 9
47 9
48 73
49 9
50 9
51 6
52 70
53 6
54 6
55 70
56 6
57 70
58 70
59 58
60 6
61 44
62 58
63 58
64 58
65 44
66 58
67 58
68 45
69 59
70 59
71 72
72 51
73 51
74 51
75 47
76 51
77 36
78 51
79 33
80 51
81 1
82 9
83 1
84 9
85 9
86 9
87 9
88 31
89 9
90 9
91 6
92 51
93 80
94 79
95 80
96 63
97 63
98 63
99 10
100 80
101 71
102 32
103 32
104 32
105 71
106 71
107 71
108 32
109 71
110 32
111 67
112 73
113 29
114 67
115 28
116 28
117 73
118 67
119 73
120 28
121 13
122 4
123 4
124 4
125 13
126 4
127 4
128 4
129 17
130 4
131 79
132 11
133 14
134 14
135 11
136 79
137 71
138 54
139 79
140 14
141 15
142 28
143 15
144 15
145 15
146 15
147 15
148 15
149 15
150 15
151 68
152 57
153 57
154 57
155 57
156 57
157 57
158 16
159 57
160 16
161 17
162 17
163 17
164 17
165 17
166 17
167 18
168 17
169 17
170 17
171 24
172 24
173 24
174 24
175 24
176 24
177 24
178 24
179 24
180 18
181 61
182 66
183 29
184 66
185 66
186 29
187 66
188 66
189 24
190 76
191 63
192 63
193 80
194 63
195 80
196 63
197 59
198 80
199 63
200 63
201 6
202 45
203 58
204 58
205 58
206 58
207 58
208 58
209 58
210 58
211 9
212 31
213 30
214 31
215 30
216 31
217 31
218 31
219 31
220 31
221 29
222 67
223 9
224 5
225 28
226 67
227 61
228 61
229 61
230 61
231 24
232 24
233 24
234 24
235 24
236 24
237 18
238 18
239 18
240 18
241 25
242 25
243 33
244 55
245 25
246 33
247 33
248 33
249 25
250 25
251 10
252 47
253 63
254 48
255 63
256 36
257 48
258 48
259 48
260 63
261 36
262 47
263 47
264 47
265 47
266 47
267 47
268 47
269 47
270 47
271 9
272 28
273 28
274 28
275 28
276 28
277 28
278 9
279 28
280 28
281 61
282 61
283 61
284 9
285 61
286 61
287 61
288 61
289 28
290 61
291 30
292 30
293 30
294 30
295 31
296 31
297 31
298 30
299 31
300 31
301 31
302 31
303 31
304 31
305 31
306 31
307 31
308 44
309 31
310 31
311 71
312 32
313 32
314 32
315 32
316 32
317 71
318 71
319 32
320 74
321 33
322 55
323 53
324 47
325 33
326 33
327 33
328 33
329 33
330 33
331 78
332 34
333 56
334 78
335 1
336 56
337 30
338 56
339 56
340 78
341 10
342 47
343 47
344 47
345 35
346 47
347 47
348 51
349 63
350 35
351 47
352 36
353 47
354 36
355 47
356 47
357 36
358 36
359 36
360 36
361 16
362 57
363 57
364 57
365 37
366 37
367 57
368 16
369 16
370 37
371 76
372 19
373 18
374 29
375 66
376 66
377 76
378 66
379 29
380 76
381 4
382 39
383 48
384 3
385 4
386 48
387 48
388 48
389 48
390 48
391 78
392 78
393 78
394 44
395 64
396 37
397 40
398 59
399 37
400 37
401 72
402 36
403 10
404 72
405 48
406 39
407 47
408 51
409 36
410 8
411 6
412 6
413 58
414 70
415 6
416 63
417 63
418 63
419 21
420 6
421 61
422 66
423 43
424 29
425 43
426 19
427 43
428 43
429 43
430 43
431 59
432 59
433 59
434 59
435 40
436 59
437 40
438 44
439 40
440 59
441 9
442 45
443 9
444 9
445 45
446 45
447 45
448 45
449 45
450 45
451 17
452 13
453 18
454 13
455 13
456 18
457 17
458 13
459 13
460 17
461 47
462 47
463 79
464 55
465 55
466 55
467 55
468 51
469 55
470 55
471 48
472 48
473 48
474 13
475 13
476 13
477 48
478 48
479 48
480 48
481 51
482 55
483 51
484 55
485 10
486 51
487 51
488 63
489 55
490 51
491 56
492 50
493 34
494 56
495 56
496 78
497 78
498 50
499 78
500 40
501 63
502 63
503 63
504 63
505 63
506 51
507 51
508 51
509 51
510 51
511 52
512 45
513 6
514 52
515 52
516 6
517 52
518 59
519 45
520 6
521 55
522 55
523 53
524 53
525 53
526 53
527 53
528 53
529 55
530 60
531 53
532 14
533 14
534 14
535 55
536 53
537 53
538 53
539 53
540 53
541 55
542 55
543 55
544 55
545 33
546 53
547 55
548 55
549 55
550 55
551 78
552 56
553 78
554 30
555 1
556 30
557 1
558 30
559 1
560 31
561 16
562 16
563 57
564 57
565 57
566 57
567 57
568 57
569 57
570 57
571 9
572 44
573 58
574 58
575 58
576 58
577 58
578 44
579 58
580 58
581 59
582 59
583 59
584 59
585 59
586 59
587 59
588 59
589 59
590 59
591 11
592 14
593 14
594 32
595 53
596 54
597 54
598 32
599 14
600 60
601 28
602 29
603 29
604 66
605 29
606 28
607 28
608 29
609 66
610 29
611 13
612 13
613 13
614 48
615 13
616 18
617 17
618 13
619 17
620 17
621 6
622 63
623 52
624 51
625 6
626 6
627 51
628 52
629 6
630 6
631 40
632 78
633 78
634 78
635 50
636 56
637 56
638 50
639 37
640 56
641 17
642 17
643 17
644 13
645 17
646 13
647 17
648 17
649 13
650 17
651 66
652 66
653 66
654 66
655 66
656 66
657 66
658 66
659 66
660 66
661 29
662 28
663 28
664 28
665 29
666 29
667 28
668 28
669 28
670 29
671 16
672 16
673 16
674 68
675 16
676 16
677 68
678 37
679 68
680 68
681 13
682 13
683 13
684 13
685 48
686 13
687 39
688 13
689 13
690 39
691 45
692 58
693 45
694 45
695 73
696 6
697 77
698 6
699 6
700 70
701 74
702 71
703 74
704 37
705 74
706 71
707 68
708 74
709 74
710 68
711 48
712 8
713 47
714 55
715 72
716 35
717 72
718 72
719 36
720 8
721 9
722 29
723 28
724 29
725 77
726 29
727 23
728 6
729 9
730 29
731 74
732 74
733 68
734 74
735 37
736 68
737 37
738 16
739 74
740 37
741 25
742 25
743 25
744 25
745 25
746 25
747 25
748 36
749 25
750 25
751 18
752 18
753 76
754 18
755 18
756 18
757 18
758 18
759 76
760 76
761 66
762 77
763 77
764 77
765 23
766 28
767 29
768 29
769 29
770 66
771 56
772 1
773 56
774 78
775 56
776 78
777 56
778 56
779 78
780 1
781 53
782 53
783 55
784 54
785 53
786 53
787 60
788 54
789 54
790 33
791 51
792 52
793 51
794 52
795 52
796 51
797 14
798 52
799 52
800 52

