68 
72 
59 9 
13 42 
1 29 20 
70 
38 
28 
12 
16 
30 
5 18 
17 50 
73 8 
66 
79 2 
4 
37 
3 

1 2
2 2
3 2
4 2
5 2
6 2
7 2
8 79
9 2
10 2
11 2
12 2
13 2
14 2
15 2
16 2
17 2
18 2
19 2
20 2
21 2
22 2
23 2
24 2
25 2
26 2
27 2
28 2
29 2
30 2
31 2
32 2
33 2
34 2
35 2
36 2
37 2
38 66
39 66
40 66
41 66
42 66
43 66
44 66
45 66
46 66
47 66
48 66
49 66
50 66
51 66
52 66
53 66
54 66
55 66
56 66
57 66
58 66
59 66
60 66
61 2
62 66
63 66
64 66
65 66
66 66
67 66
68 66
69 66
70 66
71 66
72 66
73 66
74 66
75 66
76 66
77 66
78 66
79 66
80 66
81 66
82 66
83 66
84 66
85 66
86 9
87 66
88 66
89 66
90 73
91 2
92 59
93 73
94 73
95 73
96 73
97 73
98 73
99 2
100 37
101 73
102 73
103 73
104 73
105 73
106 73
107 73
108 73
109 20
110 73
111 73
112 73
113 73
114 73
115 73
116 73
117 73
118 73
119 73
120 73
121 73
122 73
123 73
124 73
125 73
126 73
127 73
128 17
129 73
130 16
131 73
132 73
133 73
134 73
135 73
136 73
137 73
138 73
139 73
140 73
141 73
142 73
143 73
144 73
145 73
146 50
147 50
148 50
149 50
150 50
151 50
152 50
153 50
154 50
155 50
156 50
157 50
158 50
159 50
160 50
161 50
162 50
163 50
164 50
165 50
166 50
167 50
168 50
169 50
170 50
171 50
172 50
173 50
174 50
175 50
176 50
177 50
178 50
179 50
180 50
181 50
182 50
183 50
184 50
185 50
186 50
187 50
188 50
189 50
190 50
191 16
192 50
193 50
194 50
195 28
196 18
197 28
198 18
199 18
200 18
201 18
202 18
203 18
204 1
205 18
206 18
207 18
208 18
209 18
210 18
211 18
212 18
213 5
214 18
215 18
216 18
217 18
218 18
219 18
220 18
221 18
222 4
223 18
224 18
225 18
226 18
227 18
228 18
229 50
230 18
231 18
232 18
233 29
234 18
235 5
236 18
237 16
238 16
239 16
240 16
241 16
242 16
243 16
244 16
245 16
246 16
247 16
248 16
249 16
250 16
251 28
252 9
253 16
254 16
255 16
256 16
257 16
258 29
259 16
260 16
261 16
262 16
263 16
264 16
265 16
266 16
267 16
268 16
269 16
270 16
271 16
272 16
273 16
274 16
275 16
276 16
277 16
278 16
279 16
280 16
281 16
282 16
283 16
284 16
285 28
286 28
287 28
288 28
289 28
290 28
291 28
292 28
293 28
294 28
295 28
296 28
297 28
298 28
299 28
300 28
301 28
302 28
303 28
304 28
305 28
306 28
307 28
308 28
309 16
310 28
311 28
312 28
313 28
314 28
315 28
316 16
317 18
318 28
319 28
320 28
321 28
322 28
323 28
324 28
325 28
326 28
327 28
328 28
329 28
330 28
331 28
332 28
333 29
334 28
335 16
336 18
337 18
338 18
339 18
340 18
341 18
342 18
343 18
344 20
345 18
346 18
347 18
348 5
349 18
350 29
351 30
352 30
353 30
354 28
355 30
356 30
357 30
358 30
359 30
360 30
361 30
362 30
363 30
364 30
365 30
366 30
367 2
368 30
369 30
370 30
371 30
372 30
373 30
374 30
375 30
376 30
377 30
378 30
379 30
380 30
381 30
382 30
383 30
384 30
385 30
386 30
387 30
388 2
389 30
390 30
391 29
392 30
393 30
394 30
395 30
396 30
397 30
398 29
399 30
400 30
401 30
402 30
403 30
404 29
405 1
406 29
407 29
408 29
409 29
410 29
411 29
412 29
413 29
414 29
415 29
416 29
417 29
418 29
419 29
420 29
421 29
422 29
423 29
424 29
425 29
426 29
427 29
428 29
429 29
430 29
431 29
432 29
433 29
434 29
435 29
436 29
437 29
438 29
439 29
440 29
441 29
442 29
443 29
444 29
445 30
446 9
447 9
448 9
449 9
450 9
451 9
452 9
453 9
454 9
455 9
456 9
457 9
458 59
459 9
460 9
461 9
462 9
463 9
464 9
465 9
466 9
467 9
468 9
469 9
470 9
471 9
472 9
473 9
474 9
475 9
476 9
477 9
478 9
479 9
480 9
481 9
482 37
483 9
484 9
485 9
486 9
487 9
488 9
489 9
490 59
491 9
492 72
493 13
494 13
495 13
496 70
497 70
498 70
499 13
500 70
501 72
502 70
503 13
504 70
505 70
506 70
507 70
508 70
509 70
510 70
511 3
512 70
513 70
514 13
515 13
516 13
517 13
518 13
519 13
520 13
521 13
522 13
523 13
524 13
525 13
526 13
527 13
528 13
529 13
530 13
531 13
532 13
533 13
534 13
535 13
536 3
537 13
538 13
539 13
540 59
541 13
542 13
543 13
544 13
545 13
546 42
547 13
548 13
549 13
550 13
551 13
552 13
553 13
554 13
555 12
556 13
557 13
558 13
559 13
560 13
561 13
562 70
563 70
564 70
565 70
566 70
567 70
568 70
569 70
570 70
571 70
572 70
573 70
574 70
575 70
576 70
577 70
578 70
579 70
580 70
581 70
582 72
583 70
584 70
585 70
586 70
587 72
588 70
589 70
590 70
591 70
592 70
593 70
594 70
595 70
596 70
597 70
598 72
599 68
600 72
601 72
602 70
603 70
604 12
605 12
606 12
607 12
608 12
609 12
610 12
611 12
612 12
613 68
614 12
615 12
616 72
617 72
618 12
619 12
620 30
621 12
622 12
623 12
624 72
625 72
626 72
627 72
628 72
629 72
630 72
631 72
632 72
633 72
634 72
635 72
636 72
637 72
638 72
639 12
640 38
641 12
642 12
643 12
644 12
645 12
646 12
647 12
648 12
649 12
650 72
651 12
652 12
653 12
654 12
655 12
656 72
657 72
658 72
659 72
660 72
661 72
662 72
663 72
664 72
665 72
666 72
667 72
668 72
669 72
670 72
671 72
672 72
673 72
674 72
675 72
676 72
677 72
678 72
679 72
680 72
681 12
682 12
683 12
684 12
685 12
686 12
687 12
688 38
689 12
690 12
691 12
692 12
693 12
694 12
695 12
696 38
697 12
698 12
699 68
700 12
701 2
702 12
703 38
704 38
705 38
706 2
707 38
708 8
709 38
710 38
711 38
712 38
713 38
714 38
715 38
716 38
717 38
718 38
719 38
720 38
721 38
722 38
723 38
724 38
725 38
726 38
727 59
728 38
729 38
730 38
731 38
732 38
733 38
734 38
735 38
736 38
737 38
738 38
739 38
740 38
741 38
742 38
743 38
744 38
745 38
746 3
747 38
748 68
749 38
750 38
751 38
752 38
753 38
754 68
755 68
756 68
757 68
758 68
759 68
760 68
761 68
762 68
763 68
764 68
765 68
766 68
767 68
768 68
769 68
770 68
771 68
772 68
773 68
774 68
775 38
776 68
777 68
778 68
779 68
780 68
781 68
782 68
783 68
784 68
785 68
786 68
787 68
788 68
789 68
790 68
791 68
792 68
793 68
794 68
795 68
796 68
797 68
798 68
799 68
800 68

