47 
7 
69 32 
17 
33 
57 53 34 
18 65 
14 
75 
26 
16 
79 
22 
52 
63 
77 

1 77
2 77
3 77
4 77
5 77
6 77
7 77
8 77
9 52
10 77
11 77
12 77
13 77
14 77
15 77
16 77
17 77
18 77
19 77
20 77
21 77
22 77
23 77
24 77
25 77
26 77
27 63
28 63
29 63
30 63
31 63
32 63
33 63
34 63
35 63
36 63
37 18
38 52
39 63
40 63
41 63
42 63
43 75
44 63
45 53
46 63
47 63
48 63
49 63
50 63
51 63
52 63
53 63
54 63
55 63
56 52
57 52
58 52
59 52
60 52
61 52
62 52
63 52
64 52
65 52
66 52
67 52
68 52
69 52
70 75
71 52
72 52
73 52
74 52
75 52
76 52
77 52
78 52
79 52
80 22
81 22
82 22
83 18
84 16
85 22
86 26
87 22
88 22
89 22
90 22
91 22
92 22
93 17
94 22
95 16
96 16
97 22
98 22
99 22
100 22
101 22
102 22
103 22
104 22
105 22
106 22
107 22
108 22
109 22
110 22
111 16
112 16
113 16
114 16
115 16
116 16
117 16
118 16
119 16
120 16
121 16
122 65
123 16
124 16
125 16
126 16
127 16
128 16
129 16
130 16
131 16
132 16
133 16
134 79
135 79
136 79
137 79
138 79
139 79
140 79
141 79
142 79
143 79
144 79
145 26
146 26
147 26
148 26
149 26
150 26
151 26
152 26
153 26
154 75
155 75
156 75
157 75
158 79
159 75
160 75
161 75
162 75
163 75
164 75
165 75
166 34
167 75
168 75
169 75
170 75
171 75
172 75
173 75
174 79
175 75
176 75
177 75
178 26
179 26
180 26
181 32
182 26
183 26
184 26
185 26
186 26
187 26
188 26
189 26
190 26
191 26
192 26
193 79
194 79
195 79
196 79
197 75
198 75
199 18
200 18
201 18
202 18
203 18
204 79
205 18
206 18
207 18
208 18
209 18
210 18
211 18
212 18
213 18
214 18
215 18
216 18
217 18
218 26
219 79
220 79
221 79
222 18
223 57
224 57
225 57
226 17
227 47
228 57
229 79
230 57
231 57
232 57
233 57
234 57
235 57
236 57
237 57
238 57
239 17
240 57
241 57
242 57
243 57
244 57
245 57
246 57
247 57
248 18
249 57
250 18
251 79
252 79
253 57
254 79
255 18
256 17
257 17
258 7
259 17
260 17
261 17
262 17
263 17
264 17
265 17
266 17
267 17
268 17
269 17
270 17
271 14
272 14
273 14
274 14
275 14
276 14
277 17
278 17
279 14
280 14
281 14
282 17
283 14
284 14
285 14
286 14
287 14
288 14
289 14
290 14
291 17
292 14
293 17
294 14
295 14
296 14
297 17
298 17
299 32
300 14
301 14
302 14
303 14
304 32
305 32
306 32
307 32
308 32
309 32
310 32
311 47
312 32
313 7
314 47
315 32
316 32
317 32
318 32
319 32
320 17
321 32
322 32
323 32
324 32
325 32
326 32
327 32
328 33
329 33
330 33
331 33
332 33
333 33
334 33
335 33
336 33
337 7
338 33
339 33
340 33
341 33
342 33
343 69
344 33
345 33
346 33
347 33
348 33
349 33
350 33
351 33
352 7
353 33
354 33
355 33
356 7
357 7
358 7
359 7
360 7
361 7
362 7
363 69
364 7
365 7
366 7
367 7
368 7
369 7
370 7
371 7
372 7
373 7
374 7
375 7
376 7
377 47
378 47
379 47
380 47
381 47
382 47
383 47
384 47
385 47
386 47
387 7
388 47
389 47
390 47
391 47
392 47
393 47
394 69
395 47
396 47
397 47
398 47
399 47
400 47

