17 76 77 
57 10 5 9 
70 
19 51 63 
73 
50 72 
35 
80 16 61 
31 49 
29 
79 41 20 
54 78 39 
22 38 18 46 
23 
60 
69 66 26 
28 
37 4 
33 
55 65 64 32 7 
45 52 
36 
15 8 
34 
44 
75 
21 
12 58 
74 

1 72
2 9
3 51
4 19
5 9
6 9
7 70
8 77
9 9
10 9
11 19
12 77
13 80
14 35
15 51
16 35
17 72
18 35
19 72
20 80
21 36
22 21
23 21
24 75
25 34
26 36
27 44
28 10
29 44
30 17
31 69
32 60
33 66
34 66
35 78
36 22
37 78
38 28
39 78
40 78
41 31
42 31
43 78
44 51
45 19
46 35
47 9
48 19
49 72
50 50
51 31
52 78
53 78
54 60
55 36
56 44
57 31
58 31
59 54
60 36
61 60
62 7
63 7
64 4
65 23
66 7
67 66
68 33
69 7
70 66
71 60
72 31
73 22
74 37
75 69
76 8
77 65
78 28
79 45
80 33
81 9
82 9
83 50
84 10
85 9
86 9
87 51
88 9
89 9
90 19
91 78
92 78
93 19
94 31
95 19
96 78
97 35
98 31
99 35
100 19
101 72
102 72
103 35
104 72
105 35
106 80
107 72
108 80
109 49
110 49
111 12
112 17
113 15
114 21
115 10
116 44
117 55
118 34
119 19
120 44
121 31
122 31
123 35
124 19
125 31
126 31
127 35
128 35
129 31
130 31
131 39
132 78
133 20
134 20
135 80
136 80
137 49
138 20
139 20
140 20
141 33
142 33
143 37
144 8
145 69
146 8
147 8
148 60
149 69
150 8
151 79
152 20
153 20
154 20
155 80
156 20
157 20
158 79
159 80
160 20
161 31
162 79
163 31
164 79
165 19
166 19
167 79
168 31
169 31
170 31
171 20
172 20
173 79
174 20
175 79
176 79
177 20
178 20
179 79
180 20
181 31
182 31
183 79
184 31
185 31
186 31
187 19
188 19
189 50
190 80
191 20
192 20
193 20
194 20
195 20
196 29
197 35
198 29
199 29
200 29
201 75
202 19
203 17
204 17
205 34
206 34
207 44
208 34
209 75
210 65
211 29
212 29
213 29
214 29
215 29
216 31
217 29
218 29
219 29
220 29
221 22
222 29
223 29
224 29
225 79
226 29
227 46
228 29
229 29
230 29
231 31
232 31
233 31
234 36
235 60
236 31
237 31
238 31
239 69
240 31
241 10
242 19
243 35
244 80
245 35
246 19
247 31
248 19
249 72
250 19
251 79
252 41
253 18
254 29
255 79
256 29
257 29
258 79
259 66
260 78
261 17
262 21
263 74
264 19
265 21
266 21
267 77
268 21
269 21
270 12
271 66
272 79
273 46
274 31
275 29
276 29
277 31
278 78
279 78
280 29
281 29
282 29
283 29
284 29
285 29
286 29
287 29
288 29
289 29
290 29
291 28
292 66
293 4
294 37
295 28
296 22
297 7
298 26
299 37
300 18
301 80
302 80
303 80
304 19
305 31
306 19
307 80
308 80
309 80
310 35
311 7
312 7
313 69
314 7
315 28
316 22
317 7
318 33
319 7
320 28
321 28
322 80
323 28
324 31
325 60
326 4
327 28
328 33
329 60
330 28
331 70
332 60
333 28
334 60
335 80
336 10
337 36
338 65
339 36
340 45
341 35
342 35
343 35
344 35
345 35
346 35
347 80
348 35
349 35
350 35
351 70
352 17
353 19
354 65
355 70
356 22
357 60
358 19
359 17
360 17
361 78
362 54
363 38
364 28
365 18
366 35
367 54
368 80
369 22
370 17
371 31
372 80
373 79
374 29
375 80
376 80
377 35
378 80
379 80
380 80
381 29
382 80
383 29
384 49
385 20
386 80
387 20
388 29
389 20
390 61
391 10
392 35
393 77
394 77
395 10
396 77
397 77
398 10
399 9
400 10
401 29
402 80
403 29
404 80
405 80
406 35
407 80
408 35
409 29
410 61
411 5
412 10
413 21
414 19
415 70
416 19
417 19
418 50
419 19
420 50
421 17
422 19
423 35
424 10
425 17
426 75
427 75
428 17
429 17
430 58
431 33
432 8
433 33
434 64
435 33
436 34
437 8
438 52
439 8
440 45
441 7
442 33
443 60
444 33
445 22
446 66
447 22
448 33
449 69
450 28
451 49
452 29
453 39
454 16
455 80
456 39
457 29
458 35
459 20
460 29
461 10
462 21
463 10
464 10
465 10
466 10
467 10
468 10
469 10
470 10
471 17
472 19
473 19
474 75
475 35
476 9
477 10
478 10
479 74
480 19
481 35
482 35
483 35
484 35
485 72
486 35
487 80
488 61
489 35
490 35
491 35
492 35
493 72
494 72
495 72
496 72
497 72
498 72
499 72
500 72
501 50
502 72
503 72
504 72
505 72
506 72
507 72
508 72
509 72
510 9
511 33
512 69
513 65
514 37
515 37
516 60
517 32
518 66
519 60
520 60
521 12
522 58
523 21
524 75
525 21
526 75
527 21
528 44
529 12
530 44
531 72
532 72
533 50
534 61
535 72
536 78
537 80
538 17
539 35
540 80
541 78
542 60
543 22
544 60
545 65
546 31
547 60
548 23
549 60
550 28
551 10
552 72
553 19
554 72
555 19
556 77
557 10
558 77
559 19
560 10
561 10
562 72
563 72
564 72
565 50
566 10
567 19
568 19
569 73
570 57
571 21
572 75
573 44
574 75
575 44
576 10
577 12
578 21
579 58
580 75
581 36
582 19
583 19
584 36
585 10
586 55
587 8
588 17
589 70
590 70
591 70
592 31
593 78
594 70
595 79
596 70
597 50
598 73
599 70
600 70
601 73
602 73
603 61
604 73
605 35
606 73
607 50
608 73
609 50
610 35
611 74
612 77
613 77
614 77
615 77
616 77
617 70
618 21
619 77
620 77
621 73
622 73
623 70
624 73
625 73
626 9
627 73
628 73
629 73
630 73
631 37
632 66
633 33
634 7
635 7
636 33
637 4
638 4
639 37
640 37
641 80
642 66
643 78
644 66
645 60
646 60
647 37
648 65
649 60
650 60
651 79
652 31
653 20
654 23
655 78
656 31
657 78
658 66
659 60
660 66
661 70
662 17
663 75
664 70
665 70
666 70
667 70
668 70
669 70
670 17
671 73
672 73
673 73
674 73
675 73
676 73
677 51
678 73
679 9
680 73
681 70
682 80
683 17
684 17
685 31
686 29
687 73
688 70
689 50
690 70
691 70
692 70
693 70
694 73
695 73
696 70
697 70
698 70
699 70
700 70
701 29
702 20
703 41
704 20
705 80
706 80
707 61
708 29
709 20
710 80
711 72
712 73
713 73
714 73
715 73
716 73
717 73
718 73
719 73
720 73
721 73
722 73
723 73
724 73
725 73
726 51
727 63
728 73
729 51
730 51
731 70
732 76
733 17
734 17
735 21
736 75
737 70
738 21
739 77
740 8
741 45
742 8
743 17
744 10
745 17
746 75
747 8
748 36
749 44
750 8
751 70
752 73
753 70
754 70
755 73
756 73
757 70
758 73
759 70
760 73
761 9
762 70
763 51
764 77
765 77
766 77
767 70
768 77
769 77
770 70
771 80
772 73
773 19
774 50
775 35
776 17
777 70
778 50
779 35
780 49
781 31
782 35
783 35
784 35
785 50
786 29
787 73
788 80
789 73
790 35
791 73
792 70
793 70
794 70
795 70
796 70
797 70
798 17
799 17
800 70

