68 
72 47 
59 
13 67 
1 33 29 20 
77 25 
70 
27 55 
28 36 
16 12 
5 30 18 
14 50 
17 73 
78 
66 
63 
2 
4 
37 
3 

1 63
2 63
3 63
4 63
5 63
6 63
7 63
8 63
9 63
10 63
11 63
12 63
13 63
14 63
15 63
16 63
17 63
18 63
19 63
20 63
21 63
22 63
23 63
24 63
25 63
26 63
27 63
28 63
29 63
30 63
31 63
32 63
33 63
34 63
35 63
36 63
37 63
38 66
39 66
40 66
41 66
42 66
43 66
44 66
45 66
46 66
47 66
48 66
49 66
50 66
51 66
52 66
53 66
54 66
55 66
56 66
57 66
58 66
59 66
60 66
61 2
62 66
63 66
64 66
65 66
66 66
67 66
68 66
69 66
70 66
71 66
72 66
73 66
74 66
75 66
76 66
77 66
78 66
79 66
80 66
81 66
82 66
83 66
84 66
85 66
86 47
87 66
88 66
89 66
90 17
91 2
92 59
93 17
94 17
95 17
96 17
97 17
98 17
99 2
100 37
101 17
102 17
103 17
104 17
105 17
106 17
107 17
108 17
109 20
110 17
111 17
112 73
113 17
114 17
115 17
116 17
117 17
118 17
119 17
120 17
121 17
122 17
123 17
124 17
125 17
126 17
127 17
128 17
129 17
130 12
131 17
132 17
133 17
134 17
135 17
136 17
137 17
138 17
139 17
140 17
141 17
142 17
143 17
144 17
145 17
146 78
147 78
148 78
149 78
150 78
151 78
152 78
153 78
154 78
155 78
156 78
157 78
158 78
159 78
160 78
161 78
162 78
163 78
164 78
165 78
166 78
167 50
168 78
169 78
170 78
171 78
172 78
173 78
174 78
175 78
176 78
177 78
178 78
179 78
180 78
181 78
182 78
183 78
184 78
185 78
186 78
187 78
188 78
189 78
190 78
191 12
192 78
193 50
194 78
195 78
196 78
197 33
198 78
199 50
200 50
201 50
202 50
203 50
204 1
205 50
206 50
207 50
208 50
209 50
210 50
211 50
212 50
213 50
214 50
215 50
216 50
217 50
218 50
219 50
220 50
221 50
222 4
223 50
224 50
225 50
226 50
227 50
228 50
229 50
230 50
231 50
232 50
233 33
234 50
235 14
236 50
237 50
238 50
239 50
240 50
241 50
242 50
243 50
244 50
245 50
246 50
247 50
248 50
249 50
250 12
251 33
252 59
253 12
254 12
255 12
256 12
257 12
258 33
259 12
260 12
261 12
262 12
263 12
264 12
265 12
266 16
267 12
268 12
269 12
270 12
271 12
272 12
273 12
274 12
275 12
276 12
277 12
278 12
279 12
280 12
281 12
282 12
283 12
284 12
285 12
286 12
287 12
288 12
289 12
290 12
291 12
292 12
293 12
294 12
295 12
296 12
297 12
298 33
299 33
300 33
301 33
302 33
303 33
304 33
305 33
306 33
307 33
308 33
309 33
310 12
311 33
312 33
313 33
314 33
315 33
316 33
317 1
318 33
319 33
320 33
321 33
322 33
323 33
324 33
325 33
326 33
327 33
328 33
329 33
330 16
331 12
332 33
333 29
334 33
335 33
336 33
337 33
338 33
339 33
340 33
341 33
342 33
343 33
344 20
345 70
346 70
347 30
348 5
349 30
350 30
351 30
352 30
353 30
354 30
355 30
356 30
357 30
358 30
359 30
360 30
361 30
362 30
363 30
364 30
365 30
366 30
367 2
368 30
369 30
370 30
371 30
372 30
373 30
374 30
375 30
376 30
377 30
378 30
379 30
380 30
381 30
382 30
383 30
384 30
385 30
386 30
387 30
388 2
389 30
390 30
391 5
392 30
393 30
394 30
395 30
396 30
397 59
398 59
399 59
400 59
401 59
402 59
403 59
404 59
405 59
406 59
407 59
408 59
409 59
410 59
411 59
412 59
413 59
414 59
415 59
416 59
417 36
418 59
419 59
420 59
421 59
422 59
423 59
424 59
425 59
426 59
427 59
428 36
429 59
430 59
431 59
432 70
433 70
434 70
435 70
436 70
437 70
438 70
439 70
440 70
441 70
442 70
443 70
444 70
445 70
446 70
447 70
448 70
449 70
450 70
451 70
452 70
453 70
454 70
455 59
456 59
457 59
458 59
459 59
460 59
461 59
462 59
463 59
464 59
465 59
466 59
467 59
468 36
469 36
470 36
471 36
472 36
473 36
474 36
475 36
476 36
477 36
478 36
479 36
480 36
481 36
482 37
483 36
484 36
485 36
486 36
487 36
488 36
489 36
490 28
491 36
492 36
493 36
494 36
495 36
496 36
497 36
498 36
499 28
500 36
501 72
502 36
503 28
504 36
505 36
506 36
507 36
508 36
509 36
510 70
511 3
512 70
513 70
514 70
515 70
516 70
517 70
518 70
519 70
520 70
521 70
522 70
523 70
524 70
525 70
526 70
527 70
528 70
529 70
530 72
531 28
532 70
533 70
534 70
535 70
536 3
537 72
538 70
539 70
540 59
541 36
542 36
543 36
544 36
545 36
546 36
547 36
548 72
549 67
550 67
551 67
552 67
553 13
554 67
555 18
556 67
557 67
558 67
559 67
560 67
561 67
562 67
563 67
564 67
565 67
566 67
567 67
568 67
569 72
570 72
571 72
572 72
573 72
574 72
575 72
576 72
577 72
578 72
579 72
580 72
581 72
582 72
583 72
584 72
585 72
586 72
587 72
588 72
589 72
590 72
591 72
592 67
593 67
594 67
595 67
596 67
597 67
598 67
599 68
600 67
601 72
602 67
603 67
604 67
605 67
606 67
607 67
608 67
609 67
610 67
611 67
612 67
613 68
614 67
615 67
616 72
617 67
618 67
619 67
620 30
621 67
622 67
623 67
624 67
625 67
626 67
627 72
628 67
629 55
630 55
631 55
632 55
633 55
634 72
635 55
636 55
637 55
638 55
639 55
640 55
641 55
642 72
643 72
644 72
645 72
646 72
647 72
648 72
649 72
650 72
651 72
652 72
653 72
654 72
655 72
656 72
657 72
658 72
659 72
660 55
661 55
662 55
663 55
664 55
665 55
666 55
667 55
668 55
669 55
670 55
671 55
672 55
673 55
674 68
675 55
676 55
677 55
678 55
679 55
680 55
681 55
682 55
683 55
684 55
685 55
686 55
687 55
688 55
689 55
690 55
691 55
692 55
693 55
694 55
695 27
696 55
697 55
698 55
699 25
700 25
701 2
702 25
703 25
704 25
705 25
706 2
707 25
708 78
709 25
710 25
711 25
712 25
713 25
714 25
715 25
716 25
717 25
718 25
719 25
720 25
721 25
722 25
723 25
724 77
725 25
726 25
727 59
728 25
729 25
730 25
731 25
732 25
733 25
734 25
735 25
736 25
737 25
738 25
739 25
740 25
741 68
742 25
743 25
744 77
745 25
746 3
747 25
748 68
749 25
750 25
751 25
752 25
753 25
754 25
755 68
756 68
757 68
758 68
759 68
760 68
761 68
762 68
763 68
764 68
765 68
766 68
767 68
768 68
769 68
770 68
771 68
772 68
773 68
774 68
775 77
776 68
777 68
778 68
779 68
780 68
781 68
782 68
783 68
784 68
785 68
786 68
787 68
788 68
789 68
790 68
791 68
792 68
793 68
794 68
795 68
796 68
797 68
798 68
799 68
800 68

