71 
53 40 
56 17 
25 44 
74 50 
69 
28 
1 6 48 
54 
27 
59 12 
23 34 
55 
14 19 13 
60 73 
15 45 41 52 
21 
24 
61 5 72 63 
26 46 
31 
58 32 
70 
76 
33 29 30 
22 51 
11 64 49 
9 18 47 
79 57 80 
38 37 
65 39 
43 62 

1 43
2 54
3 1
4 69
5 40
6 19
7 43
8 13
9 43
10 69
11 13
12 73
13 27
14 45
15 13
16 13
17 13
18 45
19 70
20 13
21 40
22 69
23 69
24 23
25 44
26 28
27 28
28 43
29 62
30 28
31 53
32 43
33 43
34 62
35 48
36 43
37 25
38 43
39 48
40 62
41 45
42 72
43 60
44 30
45 61
46 60
47 79
48 76
49 70
50 45
51 25
52 28
53 28
54 28
55 28
56 25
57 60
58 48
59 45
60 48
61 47
62 47
63 51
64 30
65 57
66 37
67 57
68 43
69 47
70 65
71 28
72 44
73 44
74 28
75 62
76 50
77 28
78 28
79 74
80 50
81 43
82 43
83 43
84 43
85 79
86 43
87 43
88 43
89 79
90 43
91 43
92 80
93 80
94 43
95 43
96 37
97 65
98 37
99 65
100 37
101 37
102 65
103 65
104 65
105 65
106 79
107 65
108 65
109 57
110 65
111 54
112 13
113 54
114 73
115 52
116 73
117 52
118 54
119 60
120 73
121 52
122 70
123 45
124 45
125 52
126 52
127 45
128 52
129 76
130 60
131 57
132 57
133 65
134 79
135 57
136 70
137 19
138 79
139 65
140 65
141 65
142 79
143 34
144 79
145 76
146 76
147 79
148 79
149 70
150 60
151 65
152 37
153 65
154 80
155 65
156 65
157 65
158 37
159 65
160 65
161 44
162 65
163 69
164 69
165 28
166 44
167 39
168 74
169 69
170 40
171 65
172 65
173 37
174 37
175 79
176 37
177 76
178 18
179 47
180 47
181 18
182 18
183 9
184 18
185 18
186 9
187 76
188 9
189 18
190 76
191 54
192 13
193 54
194 54
195 27
196 54
197 45
198 60
199 48
200 60
201 9
202 73
203 70
204 18
205 76
206 9
207 61
208 23
209 76
210 18
211 37
212 47
213 57
214 22
215 57
216 37
217 37
218 37
219 47
220 37
221 76
222 76
223 9
224 9
225 54
226 60
227 18
228 70
229 9
230 22
231 61
232 9
233 61
234 23
235 11
236 61
237 61
238 61
239 76
240 11
241 48
242 48
243 76
244 38
245 48
246 28
247 19
248 28
249 69
250 76
251 60
252 61
253 61
254 61
255 72
256 61
257 63
258 72
259 11
260 76
261 60
262 13
263 27
264 27
265 48
266 13
267 34
268 60
269 76
270 45
271 28
272 54
273 28
274 28
275 54
276 74
277 28
278 54
279 48
280 48
281 11
282 11
283 37
284 37
285 11
286 37
287 72
288 51
289 11
290 11
291 11
292 51
293 64
294 22
295 11
296 11
297 11
298 37
299 22
300 51
301 22
302 22
303 22
304 61
305 72
306 22
307 1
308 11
309 76
310 72
311 32
312 58
313 61
314 58
315 58
316 32
317 30
318 58
319 72
320 72
321 51
322 64
323 37
324 22
325 76
326 37
327 76
328 76
329 5
330 76
331 60
332 73
333 34
334 73
335 13
336 73
337 73
338 45
339 73
340 52
341 45
342 70
343 70
344 45
345 52
346 73
347 52
348 13
349 70
350 52
351 61
352 41
353 72
354 24
355 24
356 24
357 31
358 70
359 58
360 24
361 37
362 70
363 70
364 64
365 37
366 51
367 53
368 29
369 53
370 30
371 53
372 71
373 53
374 64
375 53
376 30
377 70
378 38
379 70
380 71
381 71
382 70
383 71
384 25
385 70
386 70
387 70
388 53
389 53
390 22
391 69
392 28
393 69
394 69
395 69
396 56
397 56
398 56
399 28
400 69
401 24
402 24
403 24
404 23
405 21
406 24
407 24
408 19
409 24
410 13
411 24
412 24
413 24
414 24
415 13
416 24
417 24
418 19
419 24
420 24
421 19
422 19
423 69
424 53
425 19
426 14
427 76
428 53
429 25
430 71
431 28
432 50
433 74
434 28
435 50
436 69
437 28
438 74
439 69
440 74
441 21
442 24
443 24
444 24
445 24
446 54
447 71
448 55
449 24
450 24
451 24
452 21
453 31
454 31
455 31
456 31
457 31
458 31
459 31
460 31
461 53
462 30
463 70
464 33
465 30
466 64
467 70
468 30
469 51
470 76
471 54
472 28
473 54
474 54
475 54
476 69
477 74
478 54
479 54
480 48
481 51
482 64
483 30
484 49
485 30
486 30
487 51
488 64
489 53
490 64
491 48
492 48
493 48
494 48
495 28
496 54
497 48
498 74
499 48
500 50
501 71
502 30
503 30
504 30
505 76
506 70
507 30
508 51
509 70
510 51
511 46
512 31
513 21
514 23
515 31
516 73
517 21
518 59
519 31
520 31
521 69
522 71
523 21
524 6
525 44
526 74
527 44
528 44
529 74
530 74
531 59
532 59
533 54
534 54
535 59
536 74
537 59
538 55
539 55
540 27
541 27
542 12
543 27
544 59
545 59
546 59
547 59
548 59
549 59
550 59
551 74
552 74
553 54
554 74
555 44
556 69
557 74
558 44
559 44
560 56
561 31
562 69
563 53
564 71
565 76
566 25
567 31
568 71
569 53
570 53
571 58
572 58
573 58
574 31
575 58
576 58
577 46
578 46
579 46
580 46
581 59
582 59
583 59
584 59
585 59
586 59
587 59
588 59
589 59
590 59
591 23
592 27
593 21
594 23
595 59
596 27
597 21
598 27
599 21
600 59
601 21
602 21
603 21
604 21
605 23
606 21
607 21
608 46
609 23
610 54
611 56
612 71
613 56
614 56
615 53
616 56
617 62
618 44
619 56
620 44
621 21
622 21
623 21
624 21
625 21
626 21
627 21
628 21
629 46
630 58
631 71
632 30
633 30
634 70
635 30
636 30
637 51
638 51
639 30
640 30
641 53
642 71
643 53
644 56
645 71
646 53
647 53
648 69
649 30
650 71
651 55
652 27
653 23
654 55
655 55
656 55
657 55
658 54
659 27
660 55
661 30
662 31
663 71
664 23
665 31
666 31
667 71
668 31
669 31
670 58
671 58
672 23
673 23
674 23
675 23
676 46
677 58
678 58
679 58
680 23
681 44
682 74
683 44
684 27
685 27
686 44
687 44
688 56
689 44
690 56
691 1
692 31
693 23
694 1
695 26
696 23
697 74
698 27
699 14
700 27
701 74
702 56
703 71
704 69
705 71
706 1
707 56
708 56
709 53
710 56
711 46
712 58
713 23
714 21
715 58
716 46
717 58
718 58
719 58
720 58
721 55
722 55
723 55
724 55
725 55
726 55
727 55
728 55
729 55
730 46
731 56
732 27
733 56
734 48
735 69
736 56
737 56
738 56
739 27
740 27
741 17
742 27
743 56
744 50
745 27
746 56
747 27
748 27
749 27
750 56
751 23
752 69
753 19
754 23
755 53
756 25
757 31
758 31
759 21
760 71
761 55
762 46
763 55
764 55
765 46
766 55
767 55
768 46
769 46
770 55
771 55
772 58
773 46
774 26
775 27
776 31
777 46
778 46
779 46
780 71
781 69
782 26
783 23
784 15
785 71
786 26
787 26
788 70
789 71
790 46
791 64
792 51
793 80
794 80
795 71
796 51
797 49
798 80
799 71
800 64

