71 
53 
40 56 
44 
8 
25 4 3 
69 74 50 
75 
28 
48 
1 6 20 
54 27 
59 
23 
55 
14 19 13 
60 35 73 
66 77 
15 45 
41 
21 
24 
61 
78 72 63 
46 
26 36 
31 
58 32 
70 
76 30 
22 
51 
64 49 
80 
62 

1 78
2 24
3 78
4 20
5 20
6 19
7 71
8 13
9 60
10 54
11 78
12 73
13 35
14 78
15 24
16 24
17 35
18 61
19 26
20 21
21 28
22 54
23 48
24 53
25 25
26 20
27 20
28 28
29 25
30 28
31 28
32 40
33 53
34 25
35 28
36 28
37 54
38 28
39 28
40 28
41 58
42 58
43 58
44 58
45 58
46 24
47 24
48 24
49 24
50 24
51 60
52 54
53 28
54 60
55 28
56 60
57 35
58 60
59 35
60 6
61 51
62 51
63 30
64 30
65 22
66 22
67 78
68 70
69 22
70 51
71 28
72 25
73 8
74 28
75 53
76 50
77 28
78 28
79 74
80 4
81 24
82 61
83 71
84 15
85 31
86 78
87 14
88 40
89 31
90 14
91 53
92 49
93 80
94 22
95 22
96 51
97 71
98 64
99 22
100 64
101 31
102 61
103 78
104 70
105 61
106 58
107 70
108 31
109 31
110 70
111 54
112 54
113 54
114 35
115 55
116 13
117 13
118 54
119 24
120 13
121 13
122 61
123 21
124 59
125 13
126 35
127 13
128 55
129 24
130 35
131 31
132 31
133 78
134 78
135 31
136 61
137 19
138 31
139 60
140 19
141 31
142 31
143 24
144 31
145 31
146 31
147 61
148 31
149 31
150 24
151 14
152 51
153 51
154 51
155 22
156 51
157 71
158 64
159 71
160 64
161 44
162 1
163 20
164 75
165 28
166 3
167 25
168 74
169 74
170 74
171 31
172 71
173 71
174 22
175 58
176 15
177 31
178 31
179 22
180 15
181 61
182 24
183 24
184 15
185 15
186 58
187 61
188 61
189 61
190 61
191 54
192 35
193 54
194 28
195 20
196 48
197 55
198 60
199 20
200 35
201 58
202 24
203 61
204 61
205 61
206 31
207 78
208 24
209 78
210 24
211 61
212 78
213 70
214 58
215 78
216 70
217 78
218 78
219 70
220 19
221 26
222 24
223 61
224 24
225 61
226 13
227 61
228 19
229 26
230 24
231 26
232 24
233 36
234 26
235 24
236 78
237 72
238 78
239 78
240 78
241 20
242 20
243 19
244 74
245 20
246 28
247 19
248 28
249 25
250 19
251 78
252 78
253 58
254 58
255 58
256 58
257 63
258 36
259 24
260 24
261 60
262 13
263 75
264 27
265 27
266 35
267 27
268 61
269 61
270 75
271 28
272 54
273 54
274 28
275 54
276 54
277 28
278 54
279 28
280 28
281 31
282 78
283 22
284 22
285 36
286 15
287 36
288 30
289 31
290 36
291 31
292 30
293 22
294 36
295 61
296 22
297 61
298 61
299 26
300 58
301 21
302 36
303 36
304 36
305 36
306 61
307 21
308 14
309 36
310 36
311 32
312 58
313 36
314 36
315 58
316 32
317 36
318 58
319 36
320 36
321 30
322 22
323 30
324 22
325 14
326 22
327 15
328 60
329 36
330 15
331 21
332 35
333 55
334 35
335 55
336 73
337 54
338 54
339 48
340 59
341 21
342 21
343 21
344 21
345 13
346 59
347 59
348 59
349 21
350 21
351 46
352 41
353 46
354 46
355 46
356 46
357 46
358 21
359 46
360 46
361 51
362 15
363 60
364 64
365 22
366 51
367 53
368 22
369 53
370 22
371 53
372 71
373 40
374 64
375 53
376 22
377 40
378 80
379 53
380 71
381 71
382 15
383 71
384 25
385 74
386 15
387 15
388 53
389 53
390 22
391 25
392 28
393 8
394 8
395 74
396 40
397 40
398 40
399 75
400 75
401 21
402 21
403 21
404 21
405 21
406 21
407 21
408 21
409 41
410 59
411 6
412 1
413 54
414 54
415 75
416 35
417 54
418 25
419 54
420 6
421 25
422 53
423 75
424 53
425 75
426 15
427 22
428 40
429 25
430 71
431 75
432 50
433 74
434 75
435 3
436 25
437 75
438 74
439 74
440 25
441 1
442 41
443 19
444 41
445 41
446 75
447 53
448 69
449 41
450 1
451 41
452 21
453 66
454 41
455 46
456 46
457 41
458 46
459 41
460 41
461 40
462 22
463 70
464 22
465 22
466 64
467 70
468 30
469 51
470 76
471 75
472 75
473 75
474 75
475 75
476 75
477 75
478 75
479 75
480 75
481 51
482 64
483 30
484 49
485 30
486 30
487 51
488 64
489 53
490 64
491 8
492 8
493 8
494 48
495 8
496 25
497 8
498 8
499 8
500 8
501 53
502 30
503 30
504 30
505 76
506 70
507 30
508 51
509 70
510 51
511 66
512 66
513 55
514 66
515 66
516 77
517 55
518 6
519 66
520 66
521 44
522 40
523 69
524 8
525 44
526 8
527 44
528 44
529 44
530 44
531 48
532 20
533 6
534 75
535 48
536 74
537 69
538 59
539 48
540 59
541 59
542 55
543 59
544 59
545 59
546 59
547 59
548 59
549 75
550 59
551 8
552 44
553 44
554 8
555 44
556 8
557 8
558 8
559 8
560 40
561 23
562 25
563 53
564 53
565 76
566 74
567 19
568 40
569 40
570 53
571 58
572 58
573 36
574 46
575 46
576 46
577 46
578 66
579 46
580 46
581 48
582 48
583 59
584 48
585 59
586 48
587 48
588 59
589 48
590 48
591 23
592 69
593 66
594 23
595 59
596 6
597 41
598 6
599 41
600 59
601 23
602 41
603 66
604 66
605 66
606 41
607 41
608 46
609 66
610 54
611 40
612 71
613 56
614 56
615 40
616 56
617 62
618 44
619 40
620 44
621 41
622 21
623 77
624 41
625 21
626 41
627 66
628 41
629 46
630 41
631 71
632 30
633 30
634 70
635 30
636 30
637 51
638 51
639 30
640 30
641 40
642 71
643 53
644 40
645 71
646 53
647 53
648 69
649 30
650 40
651 55
652 59
653 66
654 55
655 48
656 55
657 59
658 6
659 48
660 59
661 30
662 15
663 71
664 23
665 31
666 31
667 71
668 15
669 15
670 41
671 41
672 23
673 23
674 23
675 23
676 66
677 46
678 41
679 41
680 23
681 8
682 53
683 8
684 48
685 48
686 44
687 44
688 44
689 44
690 25
691 1
692 15
693 23
694 1
695 45
696 23
697 25
698 59
699 15
700 25
701 44
702 25
703 71
704 25
705 71
706 69
707 40
708 69
709 40
710 71
711 77
712 46
713 23
714 66
715 21
716 23
717 46
718 46
719 46
720 46
721 55
722 55
723 55
724 48
725 55
726 55
727 55
728 55
729 48
730 66
731 44
732 44
733 8
734 3
735 44
736 44
737 44
738 44
739 48
740 25
741 44
742 48
743 8
744 48
745 48
746 74
747 8
748 48
749 44
750 8
751 23
752 69
753 15
754 23
755 53
756 75
757 45
758 78
759 23
760 40
761 55
762 66
763 55
764 55
765 66
766 55
767 55
768 66
769 66
770 55
771 55
772 21
773 23
774 45
775 69
776 15
777 23
778 23
779 23
780 53
781 69
782 23
783 23
784 15
785 71
786 15
787 23
788 70
789 71
790 23
791 64
792 51
793 80
794 80
795 71
796 51
797 49
798 80
799 71
800 64

