48 20 
2 
67 
49 
62 
27 
77 
75 42 
63 31 
76 
71 
47 
17 
15 
68 
14 
9 
1 66 19 
30 39 
25 
18 
43 
26 
45 
54 11 
5 
52 
61 
37 55 
74 
72 24 
33 
38 

1 24
2 33
3 33
4 33
5 33
6 33
7 33
8 33
9 33
10 33
11 33
12 33
13 33
14 33
15 33
16 33
17 33
18 33
19 33
20 33
21 33
22 33
23 33
24 33
25 24
26 20
27 24
28 24
29 24
30 24
31 24
32 24
33 24
34 24
35 24
36 24
37 24
38 24
39 15
40 24
41 24
42 24
43 72
44 52
45 24
46 24
47 24
48 24
49 24
50 5
51 24
52 24
53 52
54 37
55 37
56 37
57 37
58 55
59 37
60 37
61 37
62 37
63 37
64 37
65 37
66 37
67 37
68 37
69 37
70 37
71 52
72 37
73 37
74 37
75 37
76 37
77 37
78 37
79 37
80 74
81 5
82 74
83 19
84 74
85 74
86 74
87 74
88 74
89 74
90 74
91 20
92 74
93 74
94 74
95 74
96 74
97 31
98 52
99 52
100 52
101 52
102 52
103 11
104 52
105 52
106 5
107 52
108 52
109 52
110 52
111 52
112 52
113 52
114 52
115 52
116 52
117 52
118 52
119 52
120 52
121 52
122 74
123 74
124 74
125 74
126 74
127 74
128 74
129 74
130 74
131 74
132 74
133 5
134 19
135 5
136 5
137 5
138 5
139 5
140 19
141 5
142 5
143 5
144 5
145 5
146 5
147 5
148 5
149 5
150 5
151 5
152 5
153 5
154 5
155 5
156 5
157 61
158 61
159 61
160 61
161 61
162 61
163 61
164 61
165 61
166 61
167 1
168 61
169 61
170 61
171 61
172 61
173 61
174 61
175 61
176 61
177 61
178 61
179 11
180 11
181 54
182 11
183 11
184 11
185 11
186 19
187 11
188 11
189 11
190 19
191 20
192 11
193 11
194 54
195 11
196 11
197 11
198 11
199 1
200 11
201 11
202 11
203 11
204 68
205 11
206 11
207 11
208 15
209 25
210 25
211 25
212 25
213 25
214 68
215 25
216 25
217 25
218 25
219 25
220 25
221 25
222 25
223 25
224 15
225 25
226 25
227 25
228 25
229 25
230 25
231 25
232 77
233 25
234 63
235 25
236 26
237 25
238 15
239 15
240 15
241 19
242 15
243 15
244 15
245 15
246 15
247 15
248 15
249 45
250 15
251 45
252 15
253 15
254 45
255 15
256 15
257 15
258 15
259 15
260 15
261 15
262 15
263 15
264 45
265 25
266 45
267 66
268 19
269 19
270 19
271 19
272 19
273 19
274 1
275 19
276 19
277 19
278 19
279 19
280 19
281 31
282 19
283 19
284 45
285 45
286 45
287 45
288 45
289 45
290 45
291 45
292 45
293 45
294 45
295 45
296 45
297 45
298 45
299 45
300 26
301 26
302 26
303 26
304 26
305 19
306 26
307 26
308 26
309 26
310 26
311 26
312 26
313 26
314 26
315 26
316 26
317 68
318 26
319 26
320 26
321 26
322 26
323 26
324 26
325 26
326 45
327 45
328 68
329 45
330 43
331 43
332 43
333 43
334 43
335 43
336 61
337 43
338 43
339 43
340 43
341 43
342 43
343 68
344 63
345 43
346 68
347 68
348 68
349 68
350 68
351 68
352 68
353 68
354 68
355 68
356 68
357 68
358 68
359 68
360 68
361 68
362 68
363 68
364 68
365 68
366 43
367 43
368 43
369 43
370 43
371 43
372 43
373 48
374 43
375 43
376 61
377 43
378 31
379 38
380 43
381 18
382 39
383 18
384 18
385 18
386 18
387 18
388 18
389 18
390 18
391 18
392 18
393 38
394 77
395 77
396 48
397 77
398 77
399 77
400 77
401 77
402 77
403 77
404 77
405 77
406 77
407 31
408 63
409 18
410 77
411 77
412 77
413 77
414 18
415 18
416 18
417 77
418 18
419 18
420 31
421 31
422 77
423 77
424 77
425 18
426 31
427 18
428 77
429 18
430 31
431 18
432 31
433 31
434 31
435 31
436 31
437 31
438 31
439 31
440 77
441 77
442 18
443 31
444 31
445 77
446 18
447 31
448 18
449 48
450 39
451 17
452 31
453 71
454 71
455 63
456 71
457 71
458 71
459 71
460 31
461 71
462 71
463 71
464 71
465 71
466 71
467 71
468 71
469 48
470 71
471 71
472 71
473 71
474 71
475 71
476 71
477 71
478 71
479 48
480 48
481 48
482 48
483 48
484 48
485 48
486 48
487 48
488 48
489 48
490 48
491 48
492 48
493 48
494 48
495 48
496 71
497 17
498 71
499 39
500 39
501 39
502 39
503 17
504 39
505 39
506 30
507 39
508 39
509 39
510 39
511 39
512 39
513 39
514 39
515 39
516 39
517 39
518 39
519 9
520 9
521 9
522 9
523 9
524 9
525 9
526 17
527 17
528 17
529 17
530 30
531 17
532 17
533 17
534 17
535 17
536 17
537 17
538 17
539 17
540 17
541 17
542 17
543 17
544 61
545 17
546 43
547 17
548 17
549 17
550 17
551 9
552 9
553 9
554 9
555 49
556 9
557 49
558 9
559 9
560 9
561 9
562 39
563 9
564 9
565 9
566 9
567 39
568 9
569 9
570 9
571 9
572 14
573 14
574 14
575 14
576 14
577 14
578 14
579 14
580 14
581 14
582 14
583 14
584 14
585 14
586 14
587 14
588 14
589 14
590 27
591 14
592 14
593 49
594 14
595 14
596 14
597 49
598 49
599 49
600 49
601 49
602 49
603 45
604 49
605 49
606 49
607 49
608 49
609 49
610 49
611 49
612 49
613 49
614 49
615 49
616 49
617 49
618 49
619 49
620 27
621 27
622 27
623 27
624 27
625 27
626 27
627 27
628 27
629 27
630 27
631 27
632 39
633 27
634 27
635 27
636 27
637 27
638 27
639 27
640 27
641 27
642 27
643 27
644 27
645 2
646 2
647 2
648 2
649 2
650 2
651 2
652 2
653 2
654 2
655 2
656 2
657 62
658 2
659 2
660 14
661 2
662 2
663 2
664 2
665 2
666 2
667 2
668 2
669 2
670 2
671 2
672 47
673 47
674 47
675 47
676 47
677 9
678 47
679 47
680 47
681 47
682 47
683 62
684 47
685 47
686 47
687 61
688 47
689 47
690 18
691 47
692 62
693 47
694 47
695 47
696 47
697 47
698 47
699 47
700 47
701 42
702 42
703 42
704 42
705 42
706 42
707 42
708 42
709 42
710 42
711 42
712 42
713 42
714 42
715 75
716 42
717 42
718 42
719 42
720 42
721 42
722 42
723 42
724 42
725 42
726 62
727 62
728 62
729 76
730 76
731 76
732 76
733 62
734 62
735 76
736 76
737 76
738 76
739 76
740 76
741 76
742 76
743 76
744 76
745 62
746 62
747 62
748 62
749 62
750 62
751 62
752 62
753 62
754 62
755 62
756 62
757 62
758 62
759 62
760 62
761 62
762 76
763 76
764 76
765 76
766 67
767 76
768 76
769 76
770 76
771 76
772 67
773 67
774 67
775 67
776 67
777 67
778 67
779 48
780 67
781 67
782 67
783 14
784 67
785 67
786 67
787 67
788 67
789 67
790 67
791 67
792 67
793 76
794 76
795 67
796 67
797 47
798 67
799 67
800 67

