71 
53 
40 56 
44 
8 
25 
4 3 
74 
69 50 
75 
28 
48 20 
1 6 
54 27 59 
12 
23 
55 
14 19 13 
60 42 66 73 
77 
45 52 
15 41 
21 
78 61 24 
68 72 
5 63 
46 
31 26 36 
58 32 
70 
76 
33 29 30 
22 51 
67 
64 49 
80 
62 

1 15
2 5
3 21
4 48
5 54
6 19
7 4
8 13
9 15
10 54
11 31
12 73
13 54
14 5
15 21
16 21
17 41
18 21
19 26
20 21
21 75
22 54
23 50
24 54
25 50
26 50
27 50
28 74
29 40
30 28
31 28
32 4
33 4
34 50
35 28
36 50
37 54
38 28
39 28
40 28
41 36
42 36
43 36
44 63
45 46
46 5
47 46
48 46
49 46
50 46
51 15
52 54
53 28
54 15
55 28
56 54
57 15
58 54
59 15
60 48
61 30
62 30
63 30
64 51
65 76
66 76
67 78
68 70
69 67
70 51
71 28
72 4
73 8
74 48
75 53
76 3
77 48
78 28
79 4
80 4
81 5
82 54
83 71
84 15
85 5
86 15
87 15
88 53
89 5
90 15
91 53
92 49
93 80
94 76
95 67
96 51
97 71
98 64
99 67
100 64
101 31
102 15
103 78
104 70
105 71
106 46
107 70
108 78
109 46
110 70
111 54
112 54
113 54
114 59
115 54
116 55
117 27
118 54
119 54
120 54
121 55
122 21
123 41
124 41
125 55
126 55
127 41
128 41
129 5
130 6
131 5
132 46
133 25
134 48
135 5
136 6
137 54
138 5
139 15
140 15
141 68
142 5
143 5
144 5
145 5
146 5
147 6
148 5
149 46
150 24
151 15
152 51
153 51
154 51
155 67
156 51
157 53
158 64
159 71
160 64
161 44
162 75
163 28
164 4
165 28
166 3
167 8
168 8
169 74
170 74
171 5
172 53
173 71
174 76
175 46
176 15
177 61
178 61
179 67
180 15
181 53
182 46
183 46
184 15
185 15
186 46
187 46
188 5
189 68
190 5
191 54
192 54
193 75
194 28
195 28
196 28
197 20
198 28
199 28
200 28
201 46
202 46
203 46
204 69
205 46
206 5
207 46
208 63
209 46
210 68
211 15
212 15
213 70
214 63
215 5
216 70
217 14
218 19
219 70
220 19
221 63
222 68
223 69
224 68
225 69
226 28
227 69
228 28
229 72
230 68
231 68
232 54
233 46
234 46
235 21
236 21
237 52
238 45
239 45
240 45
241 28
242 28
243 28
244 74
245 75
246 75
247 75
248 75
249 4
250 75
251 45
252 45
253 45
254 21
255 72
256 21
257 46
258 72
259 45
260 45
261 75
262 69
263 75
264 48
265 48
266 75
267 48
268 6
269 54
270 75
271 75
272 75
273 75
274 75
275 75
276 4
277 4
278 4
279 4
280 4
281 31
282 78
283 67
284 76
285 45
286 14
287 72
288 51
289 31
290 45
291 31
292 51
293 22
294 46
295 61
296 67
297 21
298 60
299 45
300 58
301 45
302 45
303 45
304 21
305 72
306 61
307 1
308 14
309 45
310 72
311 32
312 58
313 24
314 36
315 58
316 32
317 36
318 58
319 72
320 72
321 51
322 22
323 51
324 67
325 53
326 67
327 14
328 53
329 46
330 14
331 55
332 20
333 55
334 20
335 55
336 55
337 20
338 48
339 48
340 55
341 55
342 6
343 60
344 42
345 73
346 55
347 55
348 55
349 55
350 73
351 24
352 21
353 72
354 24
355 21
356 24
357 72
358 45
359 72
360 24
361 51
362 19
363 60
364 64
365 67
366 51
367 53
368 29
369 53
370 30
371 53
372 71
373 40
374 64
375 53
376 30
377 40
378 80
379 53
380 71
381 71
382 19
383 71
384 25
385 4
386 19
387 19
388 53
389 53
390 22
391 4
392 4
393 4
394 4
395 4
396 40
397 40
398 40
399 4
400 74
401 60
402 60
403 66
404 55
405 48
406 60
407 55
408 1
409 21
410 55
411 12
412 1
413 12
414 55
415 69
416 60
417 6
418 74
419 6
420 55
421 74
422 53
423 74
424 53
425 74
426 14
427 76
428 40
429 25
430 71
431 74
432 4
433 74
434 74
435 8
436 25
437 25
438 25
439 25
440 25
441 1
442 60
443 60
444 60
445 42
446 69
447 53
448 69
449 77
450 1
451 60
452 21
453 66
454 21
455 72
456 61
457 21
458 24
459 21
460 21
461 40
462 30
463 70
464 33
465 30
466 64
467 70
468 30
469 51
470 76
471 25
472 25
473 75
474 75
475 25
476 74
477 25
478 25
479 25
480 25
481 51
482 64
483 30
484 49
485 30
486 30
487 51
488 64
489 53
490 64
491 25
492 8
493 8
494 50
495 8
496 25
497 8
498 8
499 8
500 8
501 53
502 30
503 30
504 30
505 76
506 70
507 30
508 51
509 70
510 51
511 77
512 77
513 55
514 23
515 77
516 77
517 55
518 55
519 77
520 77
521 44
522 40
523 69
524 8
525 44
526 8
527 44
528 44
529 44
530 44
531 75
532 20
533 6
534 25
535 48
536 74
537 69
538 55
539 48
540 55
541 12
542 12
543 20
544 12
545 12
546 12
547 12
548 12
549 75
550 12
551 8
552 44
553 44
554 8
555 44
556 8
557 8
558 8
559 8
560 40
561 23
562 25
563 53
564 71
565 76
566 25
567 19
568 40
569 40
570 71
571 58
572 58
573 36
574 72
575 72
576 72
577 72
578 77
579 24
580 24
581 48
582 75
583 6
584 28
585 20
586 28
587 48
588 20
589 75
590 48
591 23
592 69
593 77
594 23
595 1
596 6
597 60
598 6
599 60
600 6
601 23
602 45
603 77
604 77
605 77
606 60
607 45
608 24
609 77
610 54
611 40
612 71
613 56
614 56
615 40
616 56
617 62
618 44
619 40
620 44
621 52
622 21
623 77
624 45
625 21
626 52
627 77
628 52
629 72
630 45
631 71
632 30
633 30
634 70
635 30
636 30
637 51
638 51
639 30
640 30
641 40
642 71
643 53
644 40
645 71
646 53
647 53
648 69
649 30
650 40
651 12
652 20
653 77
654 55
655 69
656 12
657 12
658 6
659 69
660 12
661 30
662 14
663 71
664 23
665 31
666 31
667 71
668 19
669 14
670 60
671 21
672 23
673 23
674 23
675 77
676 77
677 72
678 14
679 52
680 77
681 8
682 25
683 8
684 74
685 74
686 44
687 8
688 44
689 44
690 74
691 1
692 14
693 23
694 1
695 60
696 23
697 74
698 12
699 14
700 74
701 44
702 25
703 71
704 4
705 71
706 25
707 40
708 4
709 40
710 40
711 77
712 24
713 77
714 77
715 21
716 23
717 24
718 24
719 24
720 24
721 12
722 12
723 12
724 69
725 12
726 12
727 6
728 12
729 75
730 23
731 44
732 44
733 8
734 74
735 44
736 44
737 44
738 44
739 74
740 74
741 44
742 74
743 8
744 50
745 75
746 74
747 8
748 74
749 44
750 44
751 23
752 69
753 19
754 23
755 53
756 25
757 60
758 78
759 23
760 40
761 1
762 77
763 12
764 12
765 77
766 1
767 12
768 23
769 77
770 12
771 6
772 21
773 23
774 60
775 69
776 14
777 23
778 23
779 23
780 71
781 25
782 23
783 23
784 14
785 71
786 14
787 23
788 70
789 71
790 23
791 64
792 51
793 80
794 80
795 71
796 51
797 49
798 80
799 71
800 64

