7 72 
49 20 
5 13 
69 
55 65 18 76 43 
70 53 
33 56 8 
1 45 
26 48 
34 19 
38 

1 1
2 1
3 1
4 1
5 1
6 1
7 1
8 1
9 1
10 1
11 1
12 1
13 1
14 1
15 1
16 1
17 1
18 1
19 34
20 1
21 1
22 1
23 1
24 1
25 1
26 1
27 1
28 1
29 1
30 1
31 1
32 1
33 1
34 1
35 1
36 1
37 1
38 1
39 1
40 1
41 33
42 33
43 33
44 7
45 33
46 38
47 33
48 26
49 33
50 33
51 49
52 33
53 33
54 33
55 33
56 33
57 33
58 33
59 33
60 33
61 33
62 33
63 33
64 33
65 33
66 33
67 33
68 33
69 33
70 33
71 33
72 33
73 33
74 33
75 33
76 33
77 33
78 33
79 33
80 33
81 33
82 33
83 33
84 33
85 33
86 33
87 33
88 33
89 33
90 33
91 70
92 70
93 70
94 70
95 70
96 70
97 70
98 70
99 70
100 70
101 70
102 34
103 45
104 70
105 70
106 70
107 70
108 70
109 33
110 70
111 70
112 70
113 70
114 70
115 70
116 43
117 70
118 70
119 70
120 8
121 70
122 70
123 70
124 70
125 70
126 70
127 70
128 70
129 70
130 70
131 20
132 70
133 70
134 70
135 70
136 70
137 70
138 70
139 70
140 70
141 70
142 70
143 70
144 70
145 70
146 18
147 49
148 18
149 18
150 18
151 18
152 18
153 18
154 18
155 55
156 18
157 18
158 18
159 18
160 18
161 18
162 18
163 18
164 18
165 18
166 55
167 18
168 18
169 18
170 18
171 20
172 18
173 18
174 18
175 18
176 18
177 18
178 18
179 18
180 18
181 18
182 18
183 18
184 18
185 18
186 18
187 65
188 18
189 33
190 18
191 18
192 18
193 20
194 7
195 5
196 13
197 13
198 13
199 13
200 13
201 13
202 13
203 13
204 13
205 7
206 5
207 5
208 13
209 13
210 13
211 13
212 13
213 13
214 13
215 13
216 13
217 69
218 69
219 69
220 69
221 69
222 69
223 69
224 69
225 69
226 69
227 69
228 69
229 69
230 69
231 69
232 69
233 69
234 69
235 69
236 69
237 7
238 65
239 69
240 69
241 69
242 69
243 69
244 69
245 69
246 69
247 69
248 69
249 69
250 69
251 7
252 69
253 69
254 69
255 69
256 69
257 69
258 69
259 69
260 69
261 69
262 69
263 69
264 69
265 69
266 69
267 69
268 69
269 13
270 13
271 13
272 13
273 18
274 13
275 13
276 13
277 13
278 13
279 13
280 13
281 5
282 13
283 13
284 13
285 13
286 13
287 13
288 13
289 13
290 13
291 13
292 13
293 13
294 13
295 20
296 20
297 20
298 20
299 20
300 20
301 20
302 20
303 20
304 20
305 34
306 20
307 20
308 49
309 20
310 20
311 20
312 34
313 20
314 20
315 20
316 20
317 20
318 20
319 20
320 20
321 20
322 20
323 20
324 20
325 20
326 20
327 20
328 20
329 20
330 20
331 65
332 20
333 20
334 20
335 20
336 20
337 20
338 53
339 20
340 20
341 13
342 20
343 20
344 20
345 7
346 7
347 69
348 7
349 7
350 7
351 7
352 7
353 34
354 48
355 7
356 7
357 7
358 7
359 7
360 72
361 7
362 7
363 7
364 7
365 7
366 7
367 7
368 7
369 19
370 7
371 7
372 7
373 7
374 7
375 7
376 76
377 18
378 7
379 7
380 7
381 7
382 7
383 7
384 7
385 7
386 34
387 7
388 7
389 7
390 7
391 7
392 7
393 7
394 7
395 56
396 7
397 7
398 13
399 13
400 13

