67 47 
66 40 
32 
74 
69 17 
43 
57 
8 34 25 
58 18 
65 
49 14 
24 
15 45 
79 
52 
77 

1 77
2 77
3 77
4 77
5 77
6 77
7 77
8 77
9 52
10 77
11 77
12 77
13 77
14 77
15 77
16 77
17 77
18 77
19 77
20 77
21 77
22 77
23 77
24 77
25 77
26 77
27 52
28 52
29 52
30 52
31 52
32 52
33 52
34 52
35 52
36 52
37 18
38 52
39 52
40 52
41 52
42 52
43 49
44 52
45 34
46 52
47 52
48 52
49 52
50 52
51 52
52 52
53 52
54 79
55 79
56 79
57 79
58 79
59 79
60 79
61 79
62 79
63 79
64 79
65 79
66 79
67 79
68 79
69 79
70 49
71 79
72 79
73 79
74 79
75 79
76 79
77 79
78 79
79 79
80 45
81 45
82 45
83 58
84 15
85 45
86 45
87 45
88 45
89 45
90 45
91 45
92 45
93 43
94 45
95 15
96 45
97 45
98 45
99 45
100 45
101 45
102 45
103 45
104 45
105 45
106 49
107 49
108 49
109 49
110 49
111 49
112 49
113 49
114 49
115 49
116 49
117 49
118 49
119 14
120 49
121 49
122 25
123 49
124 49
125 49
126 49
127 49
128 49
129 49
130 24
131 58
132 58
133 58
134 58
135 58
136 58
137 58
138 58
139 58
140 58
141 58
142 58
143 58
144 24
145 24
146 24
147 24
148 24
149 24
150 24
151 24
152 24
153 24
154 24
155 24
156 24
157 24
158 43
159 24
160 24
161 24
162 24
163 24
164 24
165 24
166 34
167 24
168 58
169 58
170 58
171 58
172 58
173 58
174 15
175 58
176 58
177 58
178 58
179 43
180 24
181 47
182 24
183 43
184 43
185 43
186 43
187 43
188 43
189 43
190 43
191 43
192 32
193 43
194 43
195 43
196 43
197 43
198 43
199 43
200 43
201 43
202 43
203 43
204 65
205 43
206 43
207 32
208 8
209 69
210 69
211 69
212 69
213 69
214 69
215 69
216 69
217 69
218 69
219 69
220 69
221 69
222 69
223 69
224 69
225 69
226 17
227 47
228 69
229 69
230 69
231 69
232 8
233 8
234 57
235 8
236 8
237 8
238 8
239 74
240 8
241 8
242 8
243 8
244 8
245 8
246 8
247 8
248 34
249 8
250 8
251 8
252 8
253 8
254 8
255 57
256 57
257 65
258 66
259 57
260 65
261 65
262 65
263 65
264 65
265 65
266 65
267 65
268 65
269 65
270 57
271 65
272 65
273 65
274 65
275 65
276 65
277 32
278 32
279 32
280 65
281 32
282 32
283 32
284 32
285 32
286 32
287 32
288 32
289 32
290 32
291 32
292 32
293 32
294 32
295 32
296 32
297 32
298 32
299 32
300 69
301 57
302 57
303 65
304 57
305 57
306 57
307 57
308 57
309 57
310 57
311 47
312 57
313 47
314 47
315 57
316 57
317 57
318 57
319 57
320 32
321 65
322 65
323 65
324 57
325 57
326 57
327 57
328 57
329 47
330 47
331 47
332 47
333 47
334 47
335 47
336 47
337 47
338 47
339 47
340 47
341 47
342 47
343 65
344 65
345 74
346 47
347 67
348 47
349 47
350 74
351 47
352 47
353 74
354 74
355 74
356 40
357 74
358 74
359 74
360 74
361 74
362 74
363 69
364 74
365 74
366 74
367 74
368 74
369 74
370 74
371 74
372 74
373 74
374 74
375 74
376 74
377 66
378 66
379 66
380 66
381 66
382 66
383 66
384 66
385 66
386 66
387 66
388 66
389 66
390 66
391 66
392 66
393 66
394 69
395 66
396 66
397 66
398 66
399 66
400 66

