48 
2 
49 
27 
75 42 50 
63 
76 
71 
47 
17 22 
15 68 
14 
9 
36 
1 16 
30 39 
25 70 
7 
43 
26 
45 
57 
52 79 80 
23 
61 
37 
72 24 
33 
6 21 38 
34 
41 
53 

1 24
2 53
3 53
4 38
5 53
6 53
7 53
8 34
9 53
10 53
11 53
12 53
13 53
14 53
15 53
16 53
17 53
18 53
19 53
20 53
21 53
22 53
23 53
24 53
25 53
26 53
27 53
28 53
29 41
30 41
31 41
32 41
33 34
34 41
35 41
36 41
37 41
38 24
39 41
40 41
41 41
42 41
43 72
44 23
45 41
46 24
47 41
48 41
49 41
50 80
51 41
52 41
53 41
54 41
55 41
56 41
57 41
58 41
59 41
60 34
61 34
62 34
63 34
64 34
65 34
66 34
67 34
68 37
69 34
70 34
71 34
72 34
73 34
74 34
75 34
76 34
77 34
78 34
79 34
80 34
81 80
82 34
83 15
84 34
85 34
86 38
87 38
88 38
89 38
90 38
91 38
92 38
93 6
94 38
95 38
96 38
97 21
98 38
99 38
100 38
101 24
102 38
103 57
104 38
105 38
106 80
107 38
108 38
109 38
110 38
111 24
112 24
113 24
114 24
115 24
116 24
117 24
118 24
119 24
120 24
121 24
122 24
123 24
124 24
125 24
126 24
127 24
128 24
129 24
130 24
131 37
132 37
133 37
134 15
135 37
136 37
137 37
138 23
139 23
140 52
141 23
142 23
143 23
144 23
145 23
146 23
147 23
148 37
149 37
150 37
151 37
152 23
153 37
154 37
155 37
156 23
157 37
158 37
159 37
160 23
161 37
162 37
163 37
164 37
165 23
166 23
167 33
168 23
169 23
170 23
171 23
172 23
173 23
174 23
175 23
176 33
177 33
178 33
179 80
180 80
181 79
182 80
183 37
184 23
185 37
186 16
187 37
188 23
189 37
190 15
191 33
192 80
193 33
194 33
195 33
196 33
197 80
198 33
199 33
200 33
201 33
202 33
203 33
204 15
205 33
206 33
207 33
208 33
209 33
210 33
211 33
212 33
213 33
214 15
215 80
216 80
217 80
218 80
219 80
220 80
221 80
222 80
223 80
224 80
225 15
226 15
227 15
228 15
229 15
230 15
231 15
232 15
233 15
234 48
235 15
236 15
237 80
238 15
239 15
240 15
241 68
242 15
243 15
244 15
245 80
246 80
247 80
248 80
249 33
250 15
251 61
252 15
253 48
254 48
255 61
256 61
257 61
258 61
259 61
260 61
261 61
262 61
263 61
264 61
265 16
266 61
267 61
268 61
269 61
270 61
271 61
272 61
273 16
274 61
275 61
276 61
277 16
278 16
279 16
280 16
281 48
282 16
283 16
284 16
285 16
286 16
287 16
288 16
289 16
290 16
291 16
292 16
293 16
294 16
295 16
296 1
297 16
298 16
299 16
300 57
301 57
302 57
303 57
304 57
305 57
306 57
307 57
308 57
309 57
310 57
311 57
312 57
313 57
314 57
315 57
316 57
317 27
318 57
319 57
320 57
321 57
322 57
323 57
324 26
325 70
326 25
327 70
328 70
329 70
330 70
331 70
332 26
333 26
334 26
335 26
336 61
337 26
338 26
339 26
340 26
341 70
342 70
343 70
344 26
345 26
346 70
347 70
348 70
349 70
350 70
351 70
352 70
353 70
354 70
355 70
356 70
357 70
358 70
359 70
360 70
361 26
362 26
363 26
364 26
365 26
366 26
367 26
368 26
369 26
370 26
371 26
372 26
373 48
374 26
375 26
376 61
377 45
378 27
379 38
380 45
381 45
382 39
383 45
384 45
385 45
386 45
387 45
388 45
389 45
390 45
391 27
392 45
393 38
394 45
395 45
396 48
397 45
398 45
399 45
400 45
401 45
402 45
403 45
404 45
405 45
406 27
407 7
408 7
409 7
410 7
411 7
412 27
413 27
414 27
415 27
416 27
417 27
418 27
419 27
420 27
421 27
422 27
423 27
424 27
425 27
426 27
427 7
428 27
429 27
430 27
431 27
432 27
433 27
434 45
435 7
436 7
437 7
438 7
439 7
440 7
441 7
442 7
443 7
444 7
445 7
446 7
447 7
448 7
449 48
450 7
451 7
452 7
453 7
454 7
455 43
456 9
457 63
458 9
459 9
460 9
461 9
462 9
463 9
464 9
465 9
466 9
467 9
468 9
469 63
470 9
471 9
472 9
473 9
474 9
475 9
476 9
477 9
478 9
479 48
480 9
481 43
482 43
483 48
484 43
485 43
486 9
487 9
488 9
489 43
490 48
491 43
492 43
493 43
494 43
495 43
496 48
497 48
498 48
499 48
500 43
501 48
502 48
503 48
504 43
505 43
506 48
507 43
508 43
509 43
510 43
511 48
512 48
513 48
514 48
515 48
516 48
517 48
518 43
519 43
520 43
521 43
522 43
523 63
524 63
525 63
526 63
527 63
528 63
529 63
530 30
531 63
532 63
533 63
534 63
535 63
536 63
537 63
538 63
539 63
540 63
541 63
542 63
543 63
544 61
545 63
546 43
547 63
548 63
549 71
550 71
551 71
552 71
553 71
554 71
555 49
556 71
557 71
558 71
559 71
560 71
561 71
562 39
563 71
564 71
565 71
566 71
567 39
568 71
569 39
570 71
571 71
572 71
573 71
574 71
575 71
576 71
577 71
578 39
579 30
580 39
581 39
582 39
583 39
584 39
585 39
586 17
587 17
588 17
589 17
590 22
591 17
592 17
593 49
594 17
595 17
596 17
597 17
598 17
599 17
600 17
601 17
602 17
603 45
604 17
605 17
606 17
607 39
608 39
609 39
610 39
611 17
612 39
613 39
614 39
615 39
616 17
617 30
618 39
619 49
620 17
621 17
622 17
623 17
624 49
625 49
626 49
627 49
628 14
629 14
630 14
631 14
632 39
633 14
634 14
635 14
636 14
637 14
638 14
639 14
640 49
641 14
642 14
643 49
644 14
645 14
646 14
647 14
648 14
649 14
650 49
651 49
652 49
653 49
654 49
655 49
656 49
657 49
658 49
659 49
660 14
661 49
662 49
663 49
664 49
665 49
666 49
667 14
668 14
669 14
670 14
671 14
672 36
673 36
674 2
675 36
676 2
677 39
678 36
679 36
680 36
681 36
682 36
683 2
684 36
685 36
686 2
687 61
688 36
689 36
690 43
691 36
692 36
693 36
694 36
695 36
696 36
697 36
698 36
699 36
700 36
701 36
702 36
703 42
704 2
705 42
706 2
707 2
708 2
709 2
710 50
711 2
712 2
713 2
714 2
715 2
716 2
717 2
718 2
719 2
720 2
721 2
722 2
723 2
724 2
725 2
726 50
727 50
728 75
729 50
730 50
731 50
732 50
733 50
734 50
735 50
736 50
737 50
738 50
739 50
740 2
741 50
742 50
743 42
744 50
745 50
746 47
747 47
748 47
749 47
750 47
751 47
752 47
753 47
754 47
755 47
756 50
757 50
758 47
759 47
760 47
761 47
762 47
763 47
764 47
765 47
766 50
767 47
768 47
769 47
770 47
771 47
772 47
773 76
774 76
775 76
776 76
777 76
778 76
779 57
780 76
781 76
782 76
783 36
784 76
785 76
786 76
787 76
788 76
789 76
790 76
791 76
792 76
793 76
794 76
795 76
796 76
797 47
798 76
799 76
800 76

