47 
76 
67 
30 
69 59 74 
43 
57 53 
8 9 
42 34 25 
49 
31 
75 
60 
36 
55 
63 

1 63
2 63
3 63
4 63
5 63
6 63
7 63
8 63
9 55
10 63
11 63
12 63
13 63
14 63
15 63
16 63
17 63
18 63
19 63
20 63
21 63
22 63
23 63
24 63
25 63
26 63
27 55
28 55
29 55
30 55
31 55
32 55
33 55
34 55
35 55
36 55
37 30
38 55
39 55
40 55
41 55
42 55
43 42
44 55
45 34
46 55
47 55
48 55
49 55
50 55
51 55
52 55
53 55
54 60
55 60
56 60
57 60
58 60
59 60
60 60
61 60
62 60
63 60
64 60
65 60
66 60
67 60
68 60
69 60
70 75
71 60
72 60
73 60
74 60
75 60
76 60
77 60
78 60
79 60
80 75
81 36
82 36
83 42
84 36
85 36
86 75
87 36
88 36
89 36
90 36
91 36
92 36
93 43
94 36
95 75
96 75
97 36
98 36
99 36
100 36
101 36
102 75
103 75
104 75
105 75
106 75
107 75
108 75
109 75
110 75
111 75
112 75
113 75
114 75
115 75
116 75
117 75
118 75
119 75
120 75
121 75
122 25
123 49
124 36
125 36
126 36
127 36
128 36
129 36
130 36
131 36
132 49
133 49
134 49
135 49
136 49
137 49
138 49
139 49
140 49
141 49
142 49
143 49
144 49
145 49
146 49
147 49
148 49
149 49
150 49
151 49
152 49
153 49
154 49
155 49
156 31
157 31
158 43
159 31
160 31
161 31
162 42
163 31
164 31
165 31
166 34
167 31
168 31
169 31
170 42
171 42
172 42
173 42
174 36
175 42
176 42
177 42
178 42
179 42
180 42
181 30
182 42
183 42
184 42
185 42
186 42
187 42
188 42
189 42
190 42
191 31
192 74
193 31
194 31
195 31
196 31
197 31
198 31
199 31
200 31
201 31
202 31
203 31
204 31
205 43
206 43
207 43
208 43
209 43
210 43
211 43
212 43
213 43
214 43
215 43
216 43
217 43
218 43
219 43
220 43
221 43
222 43
223 43
224 43
225 43
226 43
227 47
228 43
229 74
230 74
231 74
232 74
233 74
234 74
235 74
236 74
237 74
238 74
239 74
240 30
241 30
242 30
243 30
244 30
245 30
246 30
247 30
248 31
249 30
250 53
251 30
252 30
253 30
254 30
255 30
256 69
257 30
258 69
259 30
260 30
261 30
262 30
263 30
264 30
265 30
266 74
267 74
268 59
269 74
270 74
271 74
272 74
273 74
274 67
275 67
276 30
277 67
278 67
279 67
280 57
281 67
282 67
283 67
284 67
285 67
286 67
287 67
288 67
289 67
290 67
291 67
292 67
293 67
294 67
295 67
296 67
297 67
298 67
299 67
300 69
301 57
302 57
303 57
304 57
305 57
306 57
307 57
308 57
309 57
310 57
311 67
312 57
313 76
314 76
315 57
316 57
317 57
318 57
319 57
320 57
321 57
322 57
323 57
324 57
325 57
326 57
327 9
328 76
329 76
330 76
331 76
332 76
333 76
334 76
335 76
336 76
337 76
338 76
339 76
340 76
341 76
342 76
343 9
344 9
345 9
346 76
347 9
348 76
349 9
350 9
351 8
352 76
353 9
354 9
355 9
356 76
357 9
358 9
359 9
360 9
361 9
362 9
363 69
364 9
365 76
366 76
367 76
368 76
369 47
370 47
371 47
372 47
373 47
374 47
375 47
376 47
377 47
378 47
379 47
380 47
381 47
382 47
383 47
384 47
385 47
386 9
387 9
388 9
389 9
390 9
391 9
392 9
393 47
394 69
395 47
396 47
397 47
398 47
399 47
400 47

