7 72 
49 20 
65 5 69 18 13 
55 76 
70 53 43 
33 2 8 56 
45 48 
15 26 
34 19 
38 

1 15
2 15
3 15
4 15
5 15
6 15
7 15
8 15
9 15
10 15
11 15
12 15
13 15
14 15
15 15
16 15
17 15
18 15
19 34
20 15
21 15
22 15
23 15
24 15
25 15
26 15
27 15
28 15
29 15
30 15
31 15
32 15
33 15
34 15
35 15
36 15
37 15
38 15
39 45
40 15
41 15
42 15
43 15
44 20
45 45
46 38
47 45
48 26
49 45
50 45
51 49
52 45
53 45
54 45
55 45
56 45
57 45
58 45
59 45
60 45
61 45
62 45
63 45
64 45
65 45
66 45
67 45
68 45
69 45
70 45
71 45
72 45
73 45
74 45
75 45
76 33
77 45
78 45
79 45
80 45
81 45
82 45
83 45
84 45
85 45
86 33
87 45
88 45
89 45
90 45
91 45
92 45
93 45
94 45
95 45
96 45
97 33
98 33
99 33
100 33
101 33
102 34
103 45
104 33
105 33
106 33
107 33
108 33
109 33
110 33
111 33
112 33
113 33
114 33
115 33
116 2
117 33
118 33
119 33
120 8
121 33
122 33
123 33
124 33
125 33
126 33
127 33
128 33
129 33
130 33
131 20
132 33
133 33
134 33
135 33
136 33
137 33
138 33
139 33
140 33
141 33
142 33
143 33
144 33
145 33
146 43
147 49
148 43
149 43
150 43
151 43
152 70
153 43
154 43
155 43
156 43
157 43
158 43
159 43
160 43
161 43
162 43
163 43
164 43
165 43
166 43
167 43
168 43
169 43
170 43
171 20
172 43
173 43
174 43
175 43
176 43
177 43
178 43
179 43
180 43
181 43
182 43
183 43
184 43
185 43
186 43
187 70
188 43
189 33
190 43
191 43
192 43
193 43
194 7
195 43
196 43
197 43
198 43
199 55
200 55
201 55
202 55
203 55
204 55
205 7
206 55
207 5
208 55
209 55
210 55
211 76
212 55
213 55
214 55
215 55
216 55
217 55
218 55
219 55
220 55
221 55
222 55
223 55
224 55
225 55
226 55
227 55
228 55
229 55
230 55
231 55
232 55
233 55
234 55
235 55
236 55
237 55
238 55
239 55
240 55
241 55
242 55
243 55
244 55
245 55
246 55
247 55
248 55
249 55
250 13
251 7
252 13
253 13
254 13
255 13
256 13
257 13
258 13
259 13
260 13
261 13
262 5
263 13
264 13
265 13
266 13
267 13
268 13
269 13
270 13
271 13
272 13
273 18
274 13
275 13
276 13
277 13
278 13
279 13
280 13
281 5
282 13
283 13
284 13
285 13
286 13
287 13
288 13
289 13
290 13
291 13
292 13
293 13
294 13
295 13
296 20
297 20
298 20
299 20
300 20
301 20
302 20
303 20
304 20
305 34
306 20
307 20
308 49
309 20
310 20
311 20
312 34
313 20
314 20
315 20
316 20
317 20
318 20
319 20
320 20
321 20
322 20
323 20
324 20
325 20
326 20
327 20
328 20
329 20
330 20
331 65
332 20
333 20
334 20
335 20
336 20
337 20
338 53
339 20
340 20
341 13
342 20
343 20
344 20
345 20
346 7
347 69
348 7
349 7
350 7
351 7
352 7
353 34
354 48
355 7
356 7
357 7
358 7
359 7
360 72
361 7
362 7
363 7
364 7
365 7
366 7
367 7
368 7
369 19
370 7
371 7
372 7
373 7
374 7
375 7
376 76
377 18
378 7
379 7
380 7
381 7
382 7
383 7
384 7
385 7
386 34
387 7
388 7
389 7
390 7
391 7
392 7
393 7
394 7
395 56
396 7
397 7
398 7
399 7
400 7

