48 
39 
6 
13 65 17 
3 69 62 46 
4 
76 18 
66 
38 19 
77 61 43 
70 73 
67 
28 
9 
15 
45 22 
31 
1 30 
58 
21 56 34 
7 64 50 
44 78 
40 
37 16 57 
59 74 68 
71 
11 32 
52 20 14 60 
54 53 
80 
33 
51 79 
42 10 35 8 25 
36 
72 
26 

1 30
2 30
3 22
4 30
5 30
6 22
7 30
8 30
9 30
10 1
11 73
12 45
13 9
14 73
15 58
16 77
17 77
18 9
19 61
20 58
21 39
22 39
23 4
24 4
25 39
26 4
27 4
28 3
29 4
30 4
31 39
32 4
33 4
34 4
35 39
36 4
37 4
38 4
39 4
40 39
41 45
42 77
43 66
44 67
45 9
46 9
47 9
48 77
49 9
50 9
51 70
52 70
53 6
54 6
55 70
56 6
57 70
58 70
59 45
60 6
61 45
62 45
63 45
64 6
65 58
66 45
67 45
68 45
69 58
70 58
71 26
72 79
73 72
74 72
75 72
76 79
77 26
78 72
79 79
80 79
81 1
82 9
83 1
84 9
85 9
86 9
87 9
88 31
89 9
90 9
91 6
92 51
93 51
94 79
95 79
96 51
97 51
98 26
99 26
100 79
101 32
102 32
103 32
104 32
105 32
106 32
107 32
108 32
109 32
110 32
111 67
112 66
113 19
114 67
115 28
116 28
117 67
118 67
119 67
120 28
121 13
122 4
123 39
124 4
125 48
126 4
127 39
128 39
129 13
130 4
131 79
132 11
133 14
134 53
135 11
136 79
137 71
138 54
139 79
140 14
141 15
142 15
143 15
144 15
145 15
146 15
147 15
148 15
149 15
150 15
151 57
152 57
153 57
154 57
155 57
156 68
157 57
158 16
159 57
160 16
161 17
162 17
163 17
164 62
165 62
166 62
167 46
168 62
169 46
170 62
171 18
172 18
173 18
174 18
175 46
176 66
177 18
178 18
179 18
180 18
181 19
182 19
183 19
184 19
185 19
186 19
187 19
188 19
189 19
190 19
191 51
192 51
193 80
194 42
195 14
196 42
197 59
198 51
199 42
200 10
201 6
202 45
203 45
204 45
205 45
206 45
207 45
208 45
209 45
210 45
211 9
212 31
213 30
214 31
215 31
216 31
217 31
218 31
219 31
220 31
221 66
222 67
223 9
224 67
225 28
226 38
227 19
228 67
229 19
230 67
231 46
232 18
233 18
234 18
235 46
236 19
237 18
238 18
239 19
240 18
241 25
242 25
243 36
244 36
245 25
246 33
247 33
248 33
249 25
250 25
251 26
252 26
253 26
254 39
255 26
256 26
257 48
258 48
259 48
260 26
261 72
262 36
263 33
264 72
265 51
266 36
267 36
268 36
269 36
270 72
271 28
272 28
273 28
274 28
275 28
276 28
277 28
278 28
279 28
280 15
281 38
282 61
283 67
284 9
285 67
286 67
287 19
288 67
289 28
290 38
291 30
292 31
293 30
294 30
295 31
296 31
297 31
298 30
299 31
300 31
301 31
302 31
303 31
304 31
305 9
306 31
307 31
308 31
309 9
310 31
311 71
312 32
313 32
314 32
315 32
316 32
317 71
318 71
319 32
320 71
321 33
322 33
323 33
324 79
325 33
326 79
327 79
328 33
329 79
330 33
331 31
332 50
333 50
334 56
335 1
336 56
337 30
338 56
339 56
340 56
341 26
342 72
343 51
344 80
345 26
346 80
347 36
348 26
349 80
350 26
351 36
352 36
353 36
354 36
355 36
356 72
357 36
358 36
359 72
360 36
361 74
362 68
363 68
364 57
365 68
366 68
367 57
368 57
369 57
370 68
371 66
372 19
373 18
374 66
375 66
376 66
377 76
378 66
379 66
380 76
381 39
382 39
383 48
384 48
385 39
386 48
387 48
388 48
389 48
390 48
391 64
392 78
393 78
394 44
395 64
396 44
397 64
398 44
399 40
400 40
401 26
402 72
403 26
404 26
405 48
406 39
407 72
408 72
409 72
410 72
411 6
412 6
413 70
414 70
415 6
416 42
417 52
418 80
419 21
420 6
421 61
422 66
423 43
424 61
425 43
426 19
427 43
428 43
429 43
430 43
431 7
432 58
433 78
434 44
435 78
436 44
437 78
438 58
439 64
440 58
441 9
442 70
443 9
444 9
445 70
446 73
447 70
448 73
449 73
450 73
451 62
452 69
453 62
454 69
455 69
456 46
457 46
458 62
459 62
460 46
461 53
462 80
463 36
464 53
465 36
466 36
467 36
468 14
469 79
470 72
471 48
472 48
473 48
474 48
475 48
476 48
477 48
478 48
479 48
480 48
481 72
482 10
483 20
484 10
485 72
486 51
487 80
488 80
489 10
490 80
491 56
492 50
493 34
494 56
495 56
496 56
497 56
498 50
499 34
500 50
501 20
502 80
503 20
504 52
505 52
506 72
507 20
508 80
509 52
510 72
511 52
512 6
513 6
514 52
515 52
516 6
517 52
518 59
519 6
520 6
521 53
522 60
523 53
524 33
525 33
526 60
527 53
528 53
529 60
530 60
531 53
532 53
533 53
534 53
535 53
536 53
537 53
538 53
539 53
540 53
541 33
542 33
543 54
544 33
545 33
546 53
547 33
548 33
549 36
550 33
551 56
552 56
553 56
554 30
555 1
556 30
557 1
558 30
559 1
560 31
561 68
562 57
563 57
564 57
565 57
566 57
567 57
568 57
569 68
570 57
571 9
572 45
573 70
574 70
575 70
576 45
577 45
578 58
579 45
580 45
581 71
582 7
583 59
584 59
585 59
586 59
587 59
588 59
589 44
590 71
591 11
592 14
593 14
594 32
595 53
596 54
597 54
598 32
599 14
600 53
601 28
602 19
603 67
604 66
605 67
606 28
607 28
608 67
609 66
610 67
611 13
612 4
613 13
614 48
615 13
616 65
617 17
618 13
619 17
620 17
621 6
622 10
623 80
624 80
625 6
626 6
627 80
628 80
629 6
630 6
631 64
632 50
633 50
634 56
635 50
636 56
637 56
638 50
639 64
640 56
641 17
642 17
643 17
644 13
645 17
646 13
647 17
648 17
649 13
650 17
651 66
652 66
653 66
654 66
655 66
656 66
657 66
658 66
659 66
660 66
661 67
662 28
663 28
664 28
665 67
666 61
667 28
668 28
669 28
670 67
671 68
672 68
673 68
674 71
675 68
676 68
677 68
678 37
679 71
680 68
681 4
682 4
683 4
684 13
685 48
686 13
687 39
688 69
689 69
690 39
691 73
692 73
693 73
694 70
695 73
696 70
697 77
698 6
699 6
700 6
701 71
702 71
703 71
704 71
705 71
706 71
707 71
708 71
709 71
710 71
711 48
712 72
713 72
714 36
715 72
716 35
717 72
718 72
719 36
720 8
721 9
722 77
723 28
724 77
725 77
726 67
727 77
728 6
729 9
730 67
731 71
732 71
733 71
734 71
735 37
736 71
737 71
738 16
739 74
740 37
741 25
742 25
743 25
744 25
745 25
746 25
747 25
748 36
749 25
750 25
751 18
752 18
753 76
754 18
755 18
756 62
757 18
758 18
759 69
760 76
761 66
762 77
763 77
764 77
765 77
766 28
767 67
768 67
769 77
770 66
771 56
772 1
773 56
774 78
775 56
776 78
777 56
778 56
779 78
780 1
781 33
782 60
783 36
784 33
785 33
786 33
787 60
788 54
789 33
790 33
791 80
792 80
793 80
794 80
795 80
796 80
797 80
798 80
799 80
800 80

