68 
59 72 47 
80 76 67 
13 42 
1 24 25 
70 
38 27 
28 36 
16 12 
56 
5 30 
50 
17 
73 8 
66 
63 
2 
4 
37 
3 

1 63
2 63
3 63
4 63
5 63
6 63
7 63
8 63
9 63
10 63
11 63
12 63
13 63
14 63
15 63
16 63
17 63
18 63
19 63
20 63
21 63
22 63
23 63
24 63
25 63
26 63
27 63
28 63
29 63
30 63
31 63
32 63
33 63
34 63
35 63
36 63
37 63
38 66
39 66
40 66
41 66
42 66
43 66
44 66
45 66
46 66
47 66
48 66
49 66
50 66
51 66
52 66
53 66
54 66
55 66
56 66
57 66
58 66
59 66
60 66
61 2
62 66
63 66
64 66
65 66
66 66
67 66
68 66
69 66
70 66
71 66
72 66
73 66
74 66
75 66
76 66
77 66
78 66
79 66
80 66
81 66
82 66
83 66
84 66
85 66
86 47
87 66
88 66
89 66
90 73
91 2
92 72
93 73
94 73
95 73
96 73
97 73
98 73
99 2
100 37
101 73
102 73
103 73
104 73
105 73
106 73
107 73
108 73
109 25
110 73
111 73
112 73
113 73
114 73
115 73
116 73
117 73
118 73
119 73
120 73
121 73
122 73
123 73
124 73
125 73
126 73
127 73
128 17
129 73
130 12
131 73
132 73
133 73
134 73
135 73
136 73
137 73
138 73
139 73
140 73
141 73
142 73
143 73
144 73
145 73
146 50
147 17
148 17
149 17
150 17
151 17
152 17
153 17
154 17
155 17
156 17
157 17
158 17
159 17
160 17
161 17
162 17
163 17
164 50
165 50
166 50
167 50
168 50
169 50
170 50
171 50
172 50
173 50
174 50
175 50
176 50
177 50
178 50
179 50
180 50
181 50
182 50
183 50
184 50
185 50
186 50
187 50
188 50
189 50
190 50
191 12
192 50
193 50
194 50
195 50
196 50
197 36
198 50
199 50
200 50
201 50
202 50
203 50
204 17
205 50
206 50
207 50
208 50
209 50
210 50
211 50
212 50
213 50
214 50
215 50
216 17
217 17
218 17
219 17
220 17
221 17
222 4
223 17
224 17
225 17
226 17
227 17
228 17
229 17
230 17
231 17
232 17
233 36
234 17
235 17
236 17
237 17
238 17
239 17
240 17
241 17
242 17
243 17
244 17
245 17
246 17
247 17
248 17
249 12
250 12
251 5
252 72
253 12
254 12
255 12
256 12
257 12
258 24
259 12
260 12
261 12
262 12
263 12
264 12
265 12
266 16
267 12
268 12
269 12
270 12
271 12
272 12
273 12
274 12
275 12
276 12
277 12
278 12
279 12
280 12
281 12
282 12
283 12
284 12
285 12
286 12
287 12
288 12
289 12
290 12
291 12
292 12
293 12
294 12
295 12
296 12
297 12
298 30
299 30
300 36
301 36
302 36
303 36
304 36
305 36
306 36
307 36
308 36
309 36
310 36
311 36
312 36
313 12
314 36
315 36
316 36
317 30
318 36
319 36
320 28
321 36
322 36
323 36
324 36
325 36
326 36
327 36
328 36
329 36
330 28
331 36
332 36
333 25
334 12
335 30
336 30
337 30
338 30
339 30
340 30
341 30
342 30
343 30
344 25
345 30
346 30
347 30
348 5
349 30
350 30
351 30
352 30
353 30
354 30
355 30
356 30
357 30
358 30
359 30
360 30
361 30
362 30
363 30
364 30
365 30
366 36
367 2
368 36
369 36
370 30
371 30
372 30
373 30
374 30
375 36
376 28
377 36
378 36
379 36
380 36
381 36
382 36
383 1
384 1
385 1
386 1
387 1
388 2
389 1
390 1
391 1
392 1
393 1
394 1
395 1
396 1
397 1
398 1
399 1
400 1
401 1
402 1
403 1
404 1
405 1
406 1
407 1
408 1
409 1
410 1
411 1
412 1
413 1
414 1
415 1
416 36
417 30
418 1
419 30
420 36
421 30
422 1
423 30
424 36
425 30
426 1
427 30
428 36
429 30
430 1
431 30
432 36
433 30
434 1
435 30
436 36
437 1
438 1
439 1
440 1
441 1
442 1
443 1
444 1
445 1
446 27
447 27
448 72
449 72
450 72
451 72
452 72
453 72
454 72
455 72
456 72
457 72
458 72
459 72
460 72
461 72
462 72
463 72
464 72
465 72
466 27
467 27
468 27
469 27
470 27
471 27
472 27
473 27
474 27
475 27
476 27
477 27
478 27
479 27
480 27
481 27
482 37
483 27
484 27
485 27
486 27
487 27
488 27
489 27
490 72
491 27
492 27
493 27
494 27
495 27
496 27
497 27
498 27
499 27
500 27
501 72
502 27
503 27
504 27
505 27
506 27
507 27
508 27
509 27
510 27
511 3
512 27
513 27
514 27
515 27
516 38
517 27
518 72
519 72
520 72
521 72
522 72
523 72
524 72
525 72
526 72
527 72
528 72
529 72
530 72
531 72
532 72
533 72
534 72
535 72
536 3
537 72
538 72
539 72
540 59
541 72
542 72
543 72
544 13
545 13
546 42
547 13
548 13
549 13
550 13
551 13
552 13
553 13
554 13
555 56
556 13
557 13
558 13
559 13
560 13
561 13
562 13
563 13
564 13
565 13
566 13
567 13
568 13
569 13
570 13
571 13
572 13
573 13
574 13
575 13
576 13
577 13
578 13
579 13
580 13
581 13
582 13
583 13
584 13
585 13
586 13
587 13
588 13
589 13
590 13
591 13
592 13
593 13
594 13
595 56
596 56
597 56
598 70
599 68
600 70
601 70
602 56
603 56
604 56
605 56
606 56
607 56
608 56
609 56
610 56
611 56
612 56
613 68
614 56
615 56
616 72
617 70
618 56
619 56
620 30
621 56
622 56
623 56
624 56
625 56
626 56
627 56
628 56
629 56
630 56
631 56
632 56
633 56
634 56
635 70
636 56
637 56
638 56
639 56
640 56
641 56
642 56
643 56
644 56
645 56
646 70
647 70
648 70
649 70
650 72
651 70
652 70
653 70
654 70
655 70
656 70
657 70
658 70
659 70
660 70
661 70
662 70
663 70
664 70
665 70
666 70
667 70
668 70
669 70
670 70
671 70
672 70
673 70
674 67
675 56
676 56
677 56
678 56
679 56
680 56
681 70
682 70
683 70
684 67
685 67
686 67
687 67
688 70
689 70
690 70
691 70
692 70
693 70
694 70
695 70
696 70
697 70
698 70
699 70
700 70
701 2
702 67
703 67
704 67
705 67
706 2
707 67
708 8
709 67
710 67
711 67
712 67
713 67
714 67
715 67
716 67
717 67
718 67
719 67
720 67
721 67
722 67
723 67
724 70
725 67
726 67
727 56
728 67
729 67
730 67
731 67
732 67
733 67
734 67
735 67
736 67
737 67
738 67
739 80
740 67
741 67
742 67
743 67
744 76
745 67
746 3
747 67
748 68
749 68
750 68
751 68
752 68
753 68
754 68
755 68
756 68
757 68
758 68
759 68
760 68
761 68
762 68
763 68
764 68
765 68
766 68
767 68
768 68
769 68
770 68
771 68
772 68
773 68
774 68
775 70
776 68
777 68
778 68
779 68
780 68
781 68
782 68
783 68
784 68
785 68
786 68
787 68
788 68
789 68
790 68
791 68
792 68
793 68
794 68
795 68
796 67
797 67
798 67
799 67
800 68

