48 
6 39 
13 
69 17 
3 46 
76 18 
24 
66 19 
77 61 43 
70 73 
5 67 
28 
9 
15 
45 22 
31 
1 30 
58 
21 56 34 
7 64 50 
44 78 
40 
57 
37 16 
59 68 
74 
71 
11 32 
52 14 
20 60 
54 53 
80 
33 
51 79 
42 47 55 25 
10 35 8 27 75 
36 
72 

1 30
2 30
3 22
4 30
5 30
6 30
7 30
8 30
9 30
10 64
11 73
12 45
13 9
14 73
15 7
16 73
17 73
18 9
19 73
20 45
21 13
22 3
23 3
24 3
25 13
26 3
27 3
28 3
29 3
30 3
31 3
32 3
33 3
34 76
35 3
36 3
37 3
38 3
39 3
40 3
41 45
42 73
43 5
44 73
45 9
46 9
47 9
48 73
49 9
50 9
51 70
52 70
53 6
54 6
55 70
56 6
57 70
58 70
59 58
60 6
61 58
62 58
63 58
64 58
65 58
66 58
67 58
68 58
69 58
70 58
71 10
72 10
73 36
74 36
75 36
76 10
77 36
78 36
79 33
80 10
81 1
82 9
83 1
84 9
85 9
86 9
87 9
88 31
89 9
90 9
91 6
92 10
93 80
94 10
95 80
96 80
97 80
98 80
99 10
100 80
101 71
102 32
103 32
104 32
105 71
106 71
107 71
108 32
109 71
110 32
111 67
112 73
113 61
114 67
115 28
116 28
117 73
118 67
119 73
120 28
121 46
122 3
123 3
124 3
125 69
126 3
127 3
128 3
129 17
130 69
131 60
132 11
133 60
134 60
135 11
136 60
137 71
138 54
139 53
140 60
141 15
142 15
143 15
144 15
145 15
146 15
147 15
148 15
149 15
150 15
151 57
152 57
153 57
154 57
155 57
156 57
157 57
158 16
159 57
160 16
161 17
162 17
163 17
164 17
165 17
166 17
167 18
168 17
169 17
170 17
171 24
172 24
173 24
174 24
175 24
176 24
177 24
178 24
179 24
180 18
181 61
182 66
183 61
184 66
185 66
186 61
187 66
188 66
189 24
190 76
191 80
192 80
193 20
194 20
195 20
196 20
197 59
198 14
199 52
200 80
201 6
202 58
203 58
204 58
205 58
206 58
207 58
208 58
209 58
210 58
211 9
212 31
213 30
214 31
215 31
216 31
217 31
218 31
219 31
220 31
221 61
222 67
223 9
224 5
225 28
226 67
227 61
228 73
229 61
230 5
231 24
232 24
233 24
234 24
235 24
236 24
237 18
238 18
239 18
240 18
241 75
242 75
243 36
244 36
245 75
246 33
247 33
248 33
249 25
250 25
251 10
252 51
253 10
254 48
255 51
256 36
257 48
258 48
259 48
260 80
261 36
262 79
263 54
264 47
265 51
266 79
267 79
268 79
269 55
270 79
271 28
272 28
273 28
274 28
275 28
276 28
277 28
278 28
279 28
280 15
281 61
282 73
283 5
284 9
285 67
286 67
287 61
288 67
289 28
290 67
291 30
292 31
293 30
294 30
295 31
296 31
297 31
298 30
299 31
300 31
301 31
302 31
303 31
304 31
305 9
306 31
307 31
308 31
309 9
310 31
311 71
312 32
313 32
314 32
315 32
316 32
317 71
318 71
319 32
320 74
321 33
322 33
323 53
324 60
325 33
326 53
327 33
328 33
329 33
330 33
331 31
332 50
333 50
334 56
335 1
336 56
337 30
338 56
339 56
340 56
341 10
342 55
343 51
344 80
345 35
346 80
347 79
348 51
349 80
350 35
351 55
352 36
353 55
354 25
355 33
356 55
357 25
358 25
359 27
360 36
361 16
362 57
363 57
364 57
365 37
366 37
367 57
368 57
369 57
370 37
371 76
372 43
373 18
374 61
375 66
376 61
377 76
378 66
379 66
380 76
381 69
382 39
383 48
384 48
385 13
386 48
387 48
388 48
389 48
390 48
391 64
392 78
393 78
394 44
395 64
396 44
397 64
398 44
399 40
400 40
401 72
402 27
403 10
404 72
405 48
406 39
407 51
408 51
409 27
410 8
411 6
412 6
413 58
414 70
415 6
416 42
417 80
418 20
419 21
420 6
421 61
422 66
423 43
424 61
425 43
426 19
427 43
428 43
429 43
430 43
431 7
432 58
433 78
434 44
435 78
436 44
437 78
438 58
439 64
440 58
441 9
442 45
443 9
444 9
445 45
446 45
447 45
448 45
449 45
450 45
451 17
452 13
453 18
454 13
455 13
456 18
457 17
458 13
459 13
460 17
461 33
462 80
463 79
464 33
465 33
466 33
467 79
468 60
469 79
470 55
471 48
472 48
473 48
474 48
475 48
476 48
477 48
478 48
479 48
480 48
481 51
482 79
483 20
484 79
485 10
486 51
487 80
488 80
489 79
490 80
491 56
492 50
493 34
494 56
495 56
496 56
497 56
498 50
499 34
500 50
501 20
502 80
503 20
504 20
505 20
506 51
507 20
508 80
509 52
510 51
511 52
512 45
513 6
514 52
515 52
516 6
517 52
518 59
519 45
520 6
521 33
522 53
523 53
524 53
525 53
526 60
527 53
528 53
529 60
530 60
531 53
532 53
533 53
534 14
535 53
536 60
537 53
538 53
539 53
540 53
541 33
542 33
543 54
544 33
545 33
546 14
547 33
548 33
549 79
550 33
551 56
552 56
553 56
554 30
555 1
556 30
557 1
558 30
559 1
560 31
561 57
562 57
563 57
564 57
565 57
566 57
567 57
568 57
569 57
570 57
571 9
572 45
573 45
574 45
575 45
576 45
577 45
578 58
579 45
580 45
581 59
582 7
583 59
584 59
585 59
586 59
587 59
588 59
589 44
590 59
591 11
592 14
593 14
594 32
595 14
596 14
597 14
598 32
599 14
600 60
601 28
602 19
603 67
604 66
605 73
606 28
607 28
608 67
609 66
610 67
611 13
612 13
613 13
614 48
615 13
616 18
617 17
618 13
619 17
620 17
621 6
622 10
623 52
624 80
625 6
626 6
627 80
628 52
629 6
630 6
631 64
632 50
633 50
634 56
635 50
636 56
637 56
638 50
639 64
640 56
641 17
642 17
643 17
644 13
645 17
646 13
647 17
648 17
649 13
650 46
651 66
652 66
653 66
654 66
655 66
656 66
657 66
658 66
659 66
660 66
661 67
662 28
663 28
664 28
665 5
666 67
667 28
668 28
669 28
670 67
671 57
672 16
673 16
674 68
675 16
676 16
677 68
678 37
679 68
680 68
681 13
682 13
683 13
684 13
685 48
686 13
687 13
688 13
689 13
690 13
691 45
692 45
693 45
694 45
695 73
696 6
697 73
698 6
699 6
700 6
701 74
702 71
703 74
704 37
705 74
706 71
707 68
708 74
709 74
710 68
711 48
712 8
713 47
714 55
715 72
716 35
717 72
718 72
719 36
720 8
721 9
722 73
723 28
724 73
725 73
726 5
727 5
728 6
729 9
730 5
731 74
732 74
733 68
734 74
735 37
736 68
737 37
738 16
739 74
740 37
741 25
742 25
743 25
744 25
745 25
746 25
747 25
748 25
749 25
750 25
751 18
752 18
753 76
754 18
755 18
756 18
757 18
758 18
759 76
760 76
761 66
762 5
763 77
764 77
765 5
766 28
767 61
768 61
769 77
770 66
771 56
772 1
773 56
774 78
775 56
776 78
777 56
778 56
779 78
780 1
781 53
782 60
783 79
784 54
785 14
786 53
787 60
788 54
789 54
790 33
791 80
792 52
793 80
794 52
795 52
796 80
797 14
798 52
799 52
800 52

