48 
20 
2 
49 
27 
77 8 
42 50 
63 31 
71 
47 
17 
15 
68 
9 14 
16 36 
1 
39 
30 
70 
25 
18 
43 
26 
45 
54 11 
52 80 
12 
23 64 
37 61 
72 24 
6 38 
34 

1 24
2 34
3 34
4 38
5 34
6 34
7 34
8 34
9 34
10 34
11 34
12 34
13 34
14 34
15 34
16 34
17 34
18 34
19 34
20 34
21 34
22 34
23 34
24 34
25 34
26 34
27 34
28 38
29 38
30 38
31 38
32 38
33 38
34 38
35 38
36 38
37 38
38 24
39 6
40 38
41 38
42 38
43 72
44 23
45 38
46 24
47 38
48 38
49 38
50 80
51 38
52 38
53 38
54 38
55 24
56 24
57 24
58 24
59 24
60 24
61 24
62 24
63 24
64 24
65 24
66 24
67 24
68 61
69 24
70 24
71 24
72 24
73 24
74 24
75 24
76 24
77 2
78 61
79 61
80 61
81 80
82 61
83 68
84 61
85 61
86 61
87 61
88 61
89 61
90 61
91 2
92 61
93 61
94 23
95 23
96 61
97 31
98 61
99 61
100 61
101 37
102 61
103 11
104 61
105 61
106 80
107 23
108 23
109 23
110 23
111 23
112 23
113 23
114 23
115 23
116 23
117 23
118 23
119 23
120 23
121 23
122 23
123 23
124 23
125 23
126 23
127 23
128 12
129 12
130 12
131 12
132 12
133 12
134 1
135 12
136 12
137 12
138 12
139 12
140 12
141 12
142 12
143 12
144 12
145 12
146 12
147 12
148 12
149 12
150 12
151 12
152 12
153 12
154 80
155 80
156 80
157 80
158 80
159 80
160 80
161 80
162 80
163 80
164 80
165 80
166 80
167 52
168 80
169 80
170 80
171 80
172 80
173 80
174 80
175 80
176 11
177 11
178 11
179 11
180 11
181 54
182 11
183 11
184 11
185 11
186 36
187 11
188 11
189 11
190 1
191 20
192 11
193 11
194 54
195 11
196 11
197 11
198 11
199 1
200 11
201 11
202 11
203 11
204 68
205 1
206 15
207 25
208 26
209 45
210 45
211 45
212 45
213 45
214 68
215 45
216 45
217 45
218 45
219 45
220 45
221 45
222 25
223 25
224 15
225 25
226 25
227 25
228 25
229 25
230 25
231 25
232 25
233 25
234 63
235 25
236 25
237 25
238 25
239 25
240 25
241 25
242 25
243 25
244 25
245 25
246 25
247 25
248 45
249 26
250 26
251 26
252 26
253 26
254 26
255 26
256 26
257 26
258 26
259 26
260 26
261 26
262 26
263 26
264 26
265 26
266 1
267 26
268 26
269 26
270 26
271 26
272 26
273 1
274 1
275 26
276 45
277 45
278 45
279 1
280 45
281 31
282 45
283 45
284 45
285 45
286 45
287 45
288 45
289 43
290 43
291 43
292 43
293 43
294 43
295 1
296 1
297 1
298 1
299 1
300 1
301 1
302 1
303 1
304 1
305 1
306 1
307 1
308 1
309 1
310 68
311 68
312 63
313 68
314 68
315 68
316 68
317 68
318 68
319 68
320 68
321 68
322 68
323 68
324 68
325 68
326 43
327 68
328 68
329 68
330 1
331 68
332 68
333 68
334 15
335 15
336 64
337 15
338 15
339 15
340 1
341 43
342 43
343 43
344 63
345 43
346 43
347 43
348 43
349 43
350 43
351 43
352 43
353 43
354 43
355 43
356 43
357 18
358 43
359 43
360 70
361 70
362 70
363 70
364 70
365 70
366 15
367 15
368 15
369 15
370 15
371 15
372 15
373 48
374 15
375 15
376 61
377 15
378 15
379 38
380 15
381 15
382 39
383 15
384 15
385 70
386 15
387 70
388 18
389 18
390 18
391 18
392 18
393 38
394 18
395 18
396 48
397 15
398 15
399 68
400 18
401 18
402 18
403 18
404 18
405 18
406 18
407 18
408 18
409 18
410 18
411 18
412 71
413 71
414 18
415 18
416 18
417 18
418 70
419 70
420 70
421 70
422 70
423 70
424 70
425 70
426 70
427 70
428 70
429 70
430 70
431 70
432 70
433 71
434 70
435 70
436 71
437 71
438 71
439 71
440 71
441 71
442 71
443 71
444 71
445 71
446 71
447 71
448 30
449 48
450 71
451 71
452 71
453 71
454 71
455 63
456 71
457 71
458 71
459 71
460 71
461 31
462 31
463 31
464 77
465 77
466 77
467 77
468 77
469 77
470 77
471 77
472 77
473 17
474 77
475 77
476 77
477 77
478 77
479 77
480 77
481 77
482 77
483 8
484 77
485 77
486 77
487 77
488 77
489 77
490 31
491 17
492 17
493 17
494 17
495 17
496 17
497 17
498 17
499 17
500 17
501 17
502 17
503 31
504 17
505 17
506 17
507 17
508 17
509 17
510 17
511 17
512 17
513 17
514 31
515 31
516 31
517 31
518 31
519 31
520 31
521 31
522 31
523 31
524 31
525 31
526 31
527 31
528 17
529 17
530 30
531 30
532 30
533 30
534 30
535 30
536 30
537 30
538 30
539 30
540 30
541 30
542 30
543 30
544 61
545 30
546 43
547 30
548 30
549 30
550 30
551 30
552 30
553 30
554 30
555 48
556 30
557 48
558 48
559 48
560 48
561 48
562 39
563 48
564 48
565 48
566 48
567 39
568 48
569 48
570 48
571 48
572 48
573 48
574 48
575 48
576 48
577 48
578 39
579 48
580 48
581 39
582 39
583 39
584 39
585 39
586 39
587 39
588 39
589 39
590 47
591 39
592 39
593 49
594 39
595 39
596 39
597 39
598 39
599 39
600 47
601 39
602 39
603 45
604 39
605 47
606 36
607 36
608 36
609 36
610 36
611 47
612 36
613 36
614 36
615 36
616 47
617 36
618 36
619 49
620 47
621 47
622 47
623 47
624 47
625 47
626 47
627 47
628 47
629 47
630 47
631 47
632 39
633 47
634 47
635 47
636 47
637 47
638 47
639 47
640 49
641 47
642 36
643 49
644 16
645 36
646 36
647 36
648 36
649 36
650 36
651 36
652 36
653 36
654 36
655 36
656 14
657 14
658 14
659 14
660 14
661 14
662 14
663 14
664 14
665 14
666 14
667 14
668 14
669 14
670 14
671 14
672 14
673 14
674 49
675 14
676 49
677 9
678 14
679 14
680 14
681 49
682 49
683 49
684 49
685 49
686 49
687 61
688 49
689 49
690 18
691 49
692 49
693 49
694 49
695 49
696 49
697 2
698 2
699 2
700 2
701 2
702 2
703 49
704 2
705 42
706 2
707 2
708 2
709 2
710 49
711 2
712 2
713 2
714 2
715 2
716 2
717 2
718 2
719 2
720 2
721 2
722 2
723 49
724 49
725 50
726 27
727 27
728 27
729 27
730 27
731 27
732 27
733 27
734 27
735 27
736 27
737 27
738 27
739 27
740 27
741 27
742 27
743 27
744 27
745 27
746 27
747 27
748 27
749 50
750 50
751 50
752 50
753 50
754 50
755 50
756 50
757 50
758 50
759 50
760 50
761 50
762 50
763 50
764 50
765 50
766 50
767 50
768 50
769 50
770 50
771 50
772 27
773 20
774 20
775 20
776 20
777 20
778 20
779 20
780 20
781 20
782 20
783 14
784 20
785 20
786 20
787 20
788 20
789 20
790 20
791 20
792 20
793 14
794 27
795 20
796 20
797 49
798 20
799 20
800 20

