1 
2 
3 
4 
5 
6 
7 
8 
9 
10 
11 
12 
13 
14 
15 
16 
17 
18 
19 
20 
21 
22 
23 
24 
25 
26 
27 
28 
29 
30 
31 
32 
33 
34 
35 
36 
37 
38 
39 
40 
41 
42 
43 
44 
45 
46 
48 
49 
50 
51 
52 
54 
55 
56 
57 
58 
59 
60 
61 
62 
64 
66 
67 
68 
69 
70 
71 
72 
73 
74 
76 
77 
78 
79 
80 

1 2
2 1
3 1
4 1
5 1
6 1
7 1
8 1
9 1
10 1
11 2
12 2
13 2
14 2
15 2
16 2
17 2
18 2
19 2
20 2
21 3
22 3
23 3
24 3
25 3
26 3
27 3
28 3
29 3
30 3
31 4
32 4
33 4
34 4
35 4
36 4
37 4
38 4
39 4
40 4
41 5
42 5
43 5
44 5
45 5
46 5
47 5
48 5
49 5
50 5
51 6
52 6
53 6
54 6
55 6
56 6
57 6
58 6
59 6
60 6
61 8
62 8
63 8
64 8
65 8
66 8
67 8
68 8
69 8
70 8
71 8
72 8
73 8
74 8
75 8
76 8
77 8
78 8
79 8
80 8
81 9
82 9
83 9
84 9
85 9
86 9
87 9
88 9
89 9
90 9
91 10
92 10
93 10
94 10
95 10
96 10
97 10
98 10
99 10
100 10
101 11
102 11
103 11
104 11
105 11
106 11
107 11
108 11
109 11
110 11
111 12
112 12
113 12
114 12
115 12
116 12
117 12
118 12
119 12
120 12
121 8
122 8
123 8
124 8
125 8
126 7
127 7
128 7
129 7
130 7
131 14
132 14
133 14
134 14
135 14
136 14
137 14
138 14
139 14
140 14
141 15
142 15
143 15
144 15
145 15
146 15
147 15
148 15
149 15
150 15
151 16
152 16
153 16
154 16
155 16
156 16
157 16
158 16
159 16
160 16
161 7
162 7
163 7
164 17
165 7
166 7
167 7
168 17
169 7
170 7
171 18
172 18
173 18
174 18
175 18
176 18
177 18
178 18
179 18
180 18
181 19
182 19
183 19
184 19
185 19
186 19
187 19
188 19
189 19
190 19
191 20
192 20
193 20
194 20
195 20
196 20
197 20
198 20
199 20
200 20
201 6
202 21
203 21
204 21
205 21
206 21
207 21
208 21
209 21
210 21
211 22
212 22
213 22
214 9
215 22
216 9
217 22
218 22
219 22
220 9
221 3
222 3
223 23
224 23
225 23
226 23
227 23
228 23
229 23
230 23
231 24
232 35
233 35
234 24
235 35
236 35
237 35
238 35
239 35
240 24
241 21
242 25
243 21
244 21
245 21
246 21
247 21
248 25
249 25
250 25
251 29
252 29
253 29
254 29
255 29
256 29
257 29
258 29
259 29
260 29
261 25
262 25
263 25
264 21
265 25
266 21
267 25
268 25
269 21
270 27
271 28
272 28
273 28
274 28
275 28
276 10
277 10
278 10
279 10
280 10
281 29
282 29
283 29
284 29
285 29
286 29
287 26
288 26
289 26
290 26
291 30
292 30
293 30
294 30
295 30
296 30
297 30
298 30
299 30
300 30
301 31
302 18
303 11
304 31
305 11
306 31
307 11
308 31
309 18
310 11
311 32
312 32
313 32
314 32
315 32
316 32
317 32
318 32
319 32
320 32
321 33
322 33
323 33
324 33
325 33
326 33
327 33
328 33
329 33
330 33
331 34
332 34
333 34
334 34
335 34
336 34
337 34
338 34
339 34
340 34
341 35
342 24
343 24
344 24
345 24
346 24
347 24
348 24
349 24
350 24
351 36
352 36
353 36
354 36
355 36
356 36
357 36
358 36
359 36
360 36
361 37
362 37
363 37
364 37
365 37
366 37
367 37
368 37
369 37
370 37
371 38
372 3
373 38
374 38
375 3
376 38
377 38
378 38
379 38
380 3
381 39
382 39
383 39
384 39
385 39
386 39
387 39
388 39
389 39
390 39
391 26
392 26
393 40
394 26
395 26
396 40
397 26
398 26
399 26
400 26
401 41
402 41
403 41
404 41
405 41
406 41
407 41
408 41
409 29
410 41
411 42
412 42
413 42
414 42
415 42
416 42
417 42
418 42
419 42
420 42
421 43
422 43
423 23
424 43
425 43
426 43
427 23
428 23
429 43
430 23
431 44
432 44
433 33
434 44
435 44
436 33
437 44
438 33
439 33
440 33
441 24
442 24
443 24
444 45
445 24
446 45
447 45
448 45
449 24
450 24
451 46
452 46
453 46
454 46
455 46
456 46
457 46
458 46
459 46
460 46
461 24
462 45
463 45
464 45
465 45
466 45
467 45
468 24
469 45
470 45
471 48
472 39
473 39
474 10
475 48
476 39
477 48
478 48
479 48
480 48
481 17
482 17
483 7
484 7
485 17
486 49
487 17
488 7
489 7
490 7
491 50
492 50
493 50
494 50
495 50
496 50
497 50
498 50
499 50
500 50
501 26
502 51
503 51
504 26
505 26
506 26
507 26
508 26
509 26
510 26
511 52
512 52
513 52
514 52
515 34
516 34
517 52
518 52
519 34
520 52
521 2
522 2
523 1
524 1
525 1
526 2
527 1
528 1
529 1
530 1
531 54
532 54
533 54
534 34
535 54
536 54
537 54
538 54
539 54
540 54
541 55
542 55
543 55
544 55
545 55
546 55
547 55
548 55
549 55
550 55
551 54
552 54
553 54
554 56
555 54
556 54
557 43
558 56
559 54
560 54
561 57
562 57
563 57
564 57
565 57
566 57
567 57
568 57
569 57
570 57
571 58
572 58
573 58
574 58
575 58
576 58
577 58
578 58
579 58
580 58
581 19
582 19
583 19
584 19
585 19
586 59
587 59
588 19
589 19
590 59
591 60
592 60
593 60
594 60
595 60
596 60
597 60
598 60
599 60
600 60
601 14
602 61
603 14
604 61
605 14
606 14
607 14
608 14
609 61
610 14
611 62
612 62
613 62
614 24
615 62
616 62
617 62
618 62
619 62
620 62
621 9
622 11
623 11
624 9
625 11
626 31
627 11
628 11
629 9
630 11
631 64
632 4
633 4
634 4
635 4
636 64
637 64
638 4
639 64
640 64
641 16
642 16
643 16
644 16
645 16
646 16
647 16
648 16
649 16
650 16
651 66
652 66
653 66
654 66
655 50
656 4
657 66
658 66
659 66
660 66
661 55
662 55
663 67
664 55
665 55
666 55
667 55
668 55
669 55
670 55
671 20
672 24
673 24
674 68
675 24
676 35
677 35
678 62
679 35
680 24
681 69
682 69
683 69
684 69
685 69
686 69
687 69
688 69
689 69
690 69
691 15
692 15
693 15
694 70
695 15
696 70
697 15
698 15
699 15
700 15
701 57
702 71
703 57
704 57
705 57
706 57
707 71
708 57
709 71
710 57
711 32
712 72
713 32
714 72
715 72
716 72
717 72
718 72
719 72
720 32
721 73
722 73
723 73
724 73
725 73
726 73
727 73
728 73
729 73
730 73
731 13
732 7
733 7
734 7
735 7
736 7
737 7
738 13
739 74
740 7
741 1
742 1
743 1
744 1
745 1
746 1
747 1
748 2
749 1
750 1
751 41
752 26
753 76
754 41
755 41
756 29
757 29
758 26
759 29
760 26
761 51
762 77
763 77
764 6
765 51
766 77
767 6
768 6
769 6
770 77
771 78
772 78
773 78
774 40
775 40
776 40
777 40
778 40
779 26
780 26
781 79
782 79
783 79
784 79
785 79
786 79
787 79
788 79
789 79
790 79
791 71
792 57
793 80
794 80
795 57
796 57
797 80
798 80
799 71
800 80

