7 72 
49 20 18 
55 76 
64 52 
70 59 37 
22 
47 26 48 45 1 
34 19 
38 

1 34
2 34
3 34
4 34
5 34
6 34
7 34
8 34
9 34
10 34
11 34
12 34
13 34
14 34
15 34
16 34
17 34
18 34
19 34
20 34
21 34
22 34
23 34
24 34
25 34
26 34
27 34
28 34
29 34
30 34
31 34
32 34
33 34
34 34
35 34
36 34
37 34
38 34
39 1
40 34
41 34
42 34
43 34
44 20
45 34
46 38
47 1
48 26
49 1
50 1
51 47
52 1
53 1
54 1
55 1
56 1
57 1
58 1
59 1
60 1
61 1
62 1
63 1
64 1
65 1
66 1
67 1
68 1
69 1
70 1
71 1
72 1
73 1
74 1
75 1
76 47
77 1
78 1
79 1
80 1
81 1
82 1
83 1
84 1
85 1
86 47
87 1
88 1
89 1
90 1
91 1
92 1
93 1
94 20
95 37
96 37
97 22
98 22
99 22
100 22
101 22
102 34
103 45
104 59
105 22
106 22
107 22
108 22
109 22
110 22
111 22
112 22
113 22
114 22
115 22
116 22
117 22
118 22
119 22
120 22
121 22
122 22
123 22
124 22
125 22
126 22
127 22
128 22
129 22
130 22
131 20
132 37
133 37
134 37
135 37
136 37
137 37
138 37
139 37
140 59
141 37
142 37
143 37
144 37
145 37
146 37
147 49
148 37
149 37
150 37
151 37
152 70
153 37
154 37
155 37
156 37
157 37
158 37
159 37
160 37
161 37
162 37
163 37
164 37
165 37
166 37
167 37
168 37
169 37
170 37
171 20
172 37
173 37
174 37
175 37
176 37
177 37
178 37
179 37
180 37
181 52
182 52
183 22
184 52
185 22
186 22
187 22
188 22
189 22
190 22
191 22
192 22
193 22
194 7
195 22
196 22
197 22
198 22
199 22
200 22
201 64
202 64
203 22
204 52
205 7
206 52
207 20
208 52
209 52
210 52
211 52
212 52
213 52
214 52
215 52
216 52
217 52
218 52
219 52
220 52
221 52
222 52
223 52
224 52
225 52
226 52
227 52
228 52
229 52
230 52
231 52
232 52
233 52
234 52
235 52
236 52
237 64
238 64
239 52
240 52
241 52
242 52
243 52
244 52
245 52
246 52
247 52
248 52
249 52
250 52
251 7
252 55
253 55
254 55
255 55
256 55
257 55
258 55
259 55
260 55
261 55
262 49
263 20
264 20
265 20
266 20
267 20
268 20
269 20
270 20
271 20
272 20
273 18
274 20
275 20
276 20
277 20
278 20
279 20
280 20
281 49
282 20
283 20
284 20
285 20
286 20
287 20
288 20
289 20
290 20
291 20
292 20
293 20
294 20
295 20
296 20
297 20
298 20
299 20
300 20
301 20
302 20
303 20
304 20
305 34
306 20
307 55
308 55
309 55
310 55
311 55
312 34
313 55
314 55
315 55
316 55
317 55
318 55
319 55
320 55
321 55
322 55
323 55
324 55
325 55
326 55
327 55
328 55
329 55
330 55
331 55
332 55
333 55
334 55
335 55
336 55
337 55
338 22
339 55
340 55
341 55
342 55
343 55
344 55
345 55
346 7
347 55
348 7
349 7
350 7
351 7
352 7
353 34
354 48
355 7
356 7
357 7
358 7
359 7
360 72
361 7
362 7
363 7
364 7
365 7
366 7
367 7
368 7
369 19
370 7
371 7
372 7
373 7
374 7
375 7
376 76
377 55
378 7
379 7
380 7
381 7
382 7
383 7
384 7
385 7
386 34
387 7
388 7
389 7
390 7
391 7
392 7
393 7
394 7
395 22
396 7
397 7
398 7
399 7
400 7

