17 77 
10 76 25 1 
57 13 5 9 
70 19 51 63 
73 
50 72 
35 
31 80 61 
49 
29 
79 41 20 
54 78 18 46 39 
22 23 38 
60 
69 66 26 
28 
37 4 
33 
55 65 64 32 7 
36 45 52 
8 
15 
34 
44 
75 
21 
12 58 
74 

1 73
2 25
3 77
4 72
5 72
6 9
7 9
8 76
9 9
10 9
11 50
12 76
13 35
14 35
15 51
16 35
17 70
18 35
19 72
20 35
21 36
22 21
23 21
24 75
25 34
26 36
27 44
28 13
29 44
30 17
31 69
32 60
33 66
34 66
35 78
36 22
37 78
38 28
39 78
40 78
41 35
42 35
43 78
44 51
45 70
46 35
47 51
48 9
49 72
50 50
51 31
52 78
53 78
54 60
55 36
56 44
57 31
58 31
59 54
60 36
61 60
62 7
63 7
64 4
65 23
66 7
67 66
68 33
69 7
70 66
71 60
72 31
73 22
74 37
75 69
76 8
77 65
78 28
79 45
80 33
81 9
82 9
83 50
84 70
85 9
86 1
87 51
88 9
89 9
90 76
91 78
92 78
93 76
94 35
95 76
96 78
97 35
98 35
99 35
100 10
101 72
102 72
103 35
104 72
105 35
106 35
107 72
108 35
109 49
110 73
111 12
112 10
113 15
114 21
115 76
116 44
117 55
118 34
119 76
120 44
121 35
122 35
123 35
124 76
125 35
126 35
127 35
128 35
129 35
130 35
131 39
132 78
133 20
134 20
135 49
136 49
137 61
138 20
139 20
140 20
141 33
142 33
143 37
144 8
145 69
146 8
147 8
148 60
149 69
150 8
151 79
152 20
153 20
154 20
155 35
156 20
157 20
158 79
159 29
160 20
161 31
162 79
163 31
164 79
165 10
166 76
167 79
168 31
169 31
170 31
171 20
172 20
173 79
174 20
175 79
176 79
177 20
178 20
179 79
180 20
181 31
182 31
183 79
184 73
185 80
186 80
187 76
188 76
189 50
190 80
191 20
192 20
193 20
194 20
195 20
196 29
197 29
198 29
199 29
200 29
201 75
202 76
203 17
204 17
205 34
206 34
207 44
208 34
209 75
210 65
211 29
212 29
213 29
214 29
215 29
216 80
217 29
218 29
219 29
220 29
221 22
222 29
223 29
224 29
225 79
226 29
227 46
228 29
229 29
230 29
231 31
232 80
233 31
234 36
235 60
236 31
237 80
238 31
239 69
240 80
241 76
242 76
243 35
244 80
245 35
246 76
247 80
248 70
249 72
250 70
251 79
252 41
253 18
254 29
255 79
256 29
257 29
258 79
259 66
260 78
261 17
262 21
263 74
264 70
265 21
266 21
267 76
268 21
269 21
270 12
271 66
272 79
273 46
274 31
275 29
276 29
277 31
278 78
279 78
280 29
281 29
282 29
283 29
284 29
285 29
286 49
287 49
288 49
289 29
290 49
291 28
292 66
293 4
294 37
295 28
296 22
297 7
298 26
299 37
300 18
301 49
302 49
303 49
304 31
305 31
306 31
307 49
308 49
309 49
310 35
311 7
312 7
313 69
314 7
315 28
316 22
317 7
318 33
319 7
320 28
321 28
322 29
323 28
324 31
325 60
326 4
327 28
328 33
329 60
330 28
331 70
332 60
333 28
334 60
335 80
336 70
337 36
338 65
339 36
340 45
341 49
342 35
343 35
344 35
345 49
346 49
347 49
348 49
349 49
350 49
351 31
352 17
353 70
354 65
355 70
356 22
357 60
358 70
359 17
360 17
361 78
362 54
363 38
364 28
365 18
366 35
367 54
368 49
369 22
370 17
371 29
372 49
373 79
374 29
375 49
376 49
377 49
378 49
379 49
380 49
381 29
382 49
383 29
384 49
385 20
386 49
387 20
388 29
389 20
390 49
391 5
392 35
393 77
394 77
395 5
396 25
397 76
398 70
399 9
400 70
401 29
402 49
403 29
404 49
405 49
406 49
407 49
408 49
409 29
410 49
411 5
412 5
413 21
414 70
415 73
416 70
417 70
418 50
419 70
420 50
421 17
422 70
423 35
424 57
425 17
426 75
427 75
428 17
429 17
430 58
431 33
432 8
433 33
434 64
435 33
436 34
437 8
438 52
439 8
440 45
441 7
442 33
443 60
444 33
445 22
446 66
447 22
448 33
449 69
450 28
451 49
452 29
453 39
454 49
455 49
456 39
457 29
458 49
459 20
460 29
461 70
462 21
463 70
464 70
465 70
466 70
467 70
468 57
469 13
470 13
471 17
472 70
473 70
474 75
475 35
476 9
477 5
478 5
479 74
480 70
481 49
482 49
483 49
484 50
485 72
486 72
487 80
488 61
489 72
490 72
491 72
492 72
493 72
494 72
495 72
496 72
497 72
498 72
499 72
500 35
501 50
502 35
503 72
504 35
505 72
506 72
507 72
508 72
509 72
510 76
511 33
512 69
513 65
514 37
515 37
516 60
517 32
518 66
519 60
520 60
521 12
522 58
523 21
524 75
525 21
526 75
527 21
528 44
529 12
530 44
531 72
532 72
533 35
534 61
535 35
536 78
537 80
538 17
539 35
540 80
541 78
542 60
543 22
544 60
545 65
546 31
547 60
548 23
549 60
550 28
551 76
552 72
553 76
554 72
555 10
556 25
557 76
558 76
559 76
560 76
561 76
562 72
563 72
564 73
565 76
566 76
567 76
568 76
569 73
570 70
571 21
572 75
573 44
574 75
575 44
576 76
577 12
578 21
579 58
580 75
581 36
582 70
583 70
584 36
585 70
586 55
587 8
588 17
589 76
590 76
591 70
592 31
593 78
594 70
595 79
596 70
597 50
598 73
599 57
600 57
601 73
602 73
603 49
604 73
605 35
606 73
607 50
608 73
609 50
610 35
611 74
612 76
613 76
614 1
615 76
616 77
617 13
618 21
619 77
620 77
621 73
622 73
623 9
624 73
625 73
626 76
627 73
628 73
629 73
630 73
631 37
632 66
633 33
634 7
635 7
636 33
637 4
638 4
639 37
640 37
641 80
642 66
643 78
644 66
645 60
646 60
647 37
648 65
649 60
650 60
651 79
652 31
653 20
654 23
655 78
656 31
657 78
658 66
659 60
660 66
661 13
662 17
663 75
664 13
665 13
666 57
667 57
668 5
669 5
670 17
671 73
672 73
673 73
674 73
675 73
676 73
677 9
678 73
679 9
680 73
681 13
682 80
683 17
684 17
685 31
686 29
687 73
688 13
689 50
690 13
691 5
692 9
693 5
694 73
695 73
696 13
697 70
698 57
699 57
700 5
701 29
702 20
703 41
704 20
705 49
706 49
707 61
708 29
709 20
710 80
711 72
712 73
713 73
714 73
715 73
716 73
717 73
718 73
719 73
720 73
721 73
722 73
723 73
724 70
725 70
726 51
727 63
728 9
729 51
730 73
731 70
732 76
733 17
734 17
735 21
736 75
737 70
738 21
739 77
740 8
741 45
742 8
743 17
744 17
745 17
746 75
747 8
748 36
749 44
750 8
751 70
752 73
753 17
754 17
755 73
756 77
757 17
758 77
759 17
760 77
761 77
762 17
763 9
764 5
765 9
766 1
767 77
768 77
769 77
770 70
771 80
772 19
773 19
774 50
775 35
776 17
777 17
778 50
779 35
780 49
781 31
782 35
783 35
784 35
785 50
786 29
787 73
788 80
789 73
790 35
791 73
792 73
793 17
794 17
795 10
796 17
797 17
798 10
799 10
800 17

