17 77 
76 25 
10 2 1 
13 5 9 
70 57 68 
19 51 63 
73 
50 72 
35 
80 
31 16 49 61 
29 
79 20 
41 
54 78 39 
38 18 46 
22 23 
60 
69 66 
28 26 
37 4 
33 
55 65 45 52 64 32 7 
36 
15 8 
34 
44 
75 
21 
12 58 
74 

1 72
2 68
3 57
4 35
5 72
6 68
7 73
8 1
9 68
10 68
11 50
12 1
13 35
14 35
15 68
16 35
17 72
18 35
19 72
20 35
21 36
22 21
23 21
24 75
25 34
26 36
27 44
28 57
29 44
30 17
31 69
32 60
33 66
34 66
35 78
36 22
37 80
38 28
39 78
40 31
41 35
42 35
43 35
44 73
45 57
46 35
47 68
48 57
49 72
50 50
51 57
52 35
53 78
54 60
55 36
56 44
57 57
58 57
59 35
60 36
61 60
62 7
63 7
64 4
65 23
66 7
67 66
68 33
69 7
70 66
71 60
72 57
73 22
74 37
75 69
76 8
77 65
78 28
79 45
80 33
81 68
82 9
83 50
84 73
85 68
86 68
87 73
88 68
89 68
90 19
91 35
92 35
93 19
94 35
95 19
96 35
97 35
98 35
99 35
100 19
101 72
102 72
103 72
104 72
105 72
106 72
107 72
108 72
109 72
110 72
111 12
112 57
113 15
114 21
115 57
116 44
117 55
118 34
119 19
120 44
121 72
122 72
123 72
124 19
125 73
126 19
127 73
128 73
129 73
130 73
131 20
132 61
133 29
134 29
135 80
136 50
137 61
138 29
139 29
140 61
141 33
142 33
143 37
144 8
145 69
146 8
147 8
148 60
149 69
150 8
151 73
152 73
153 50
154 73
155 73
156 61
157 73
158 73
159 73
160 80
161 19
162 19
163 19
164 73
165 19
166 19
167 19
168 17
169 19
170 19
171 20
172 73
173 73
174 29
175 19
176 80
177 80
178 61
179 79
180 61
181 19
182 19
183 73
184 73
185 19
186 73
187 19
188 19
189 19
190 73
191 72
192 49
193 80
194 20
195 20
196 80
197 73
198 29
199 80
200 29
201 75
202 19
203 17
204 17
205 34
206 34
207 44
208 34
209 75
210 65
211 80
212 50
213 50
214 80
215 80
216 19
217 19
218 50
219 50
220 73
221 22
222 29
223 80
224 19
225 79
226 29
227 46
228 80
229 35
230 61
231 31
232 19
233 31
234 36
235 60
236 19
237 17
238 31
239 69
240 19
241 57
242 19
243 73
244 73
245 73
246 19
247 73
248 19
249 73
250 19
251 79
252 41
253 18
254 80
255 79
256 50
257 80
258 79
259 66
260 78
261 17
262 21
263 74
264 19
265 21
266 21
267 1
268 21
269 21
270 12
271 66
272 79
273 46
274 31
275 80
276 80
277 31
278 78
279 78
280 19
281 35
282 61
283 35
284 73
285 72
286 73
287 80
288 35
289 29
290 72
291 28
292 66
293 4
294 37
295 28
296 22
297 7
298 26
299 37
300 18
301 73
302 35
303 35
304 19
305 31
306 57
307 57
308 73
309 80
310 57
311 7
312 7
313 69
314 7
315 28
316 22
317 7
318 33
319 7
320 28
321 28
322 80
323 28
324 31
325 60
326 4
327 28
328 33
329 60
330 28
331 70
332 60
333 28
334 60
335 70
336 57
337 36
338 65
339 36
340 45
341 73
342 57
343 73
344 73
345 73
346 73
347 35
348 72
349 73
350 73
351 70
352 17
353 57
354 65
355 70
356 22
357 60
358 57
359 17
360 17
361 78
362 54
363 38
364 28
365 18
366 57
367 54
368 80
369 22
370 17
371 31
372 80
373 79
374 29
375 80
376 80
377 50
378 80
379 80
380 80
381 29
382 80
383 29
384 49
385 20
386 80
387 20
388 29
389 20
390 61
391 57
392 73
393 77
394 77
395 1
396 1
397 1
398 57
399 68
400 57
401 29
402 80
403 29
404 80
405 80
406 72
407 80
408 72
409 29
410 61
411 1
412 1
413 21
414 57
415 73
416 57
417 57
418 73
419 57
420 73
421 17
422 57
423 57
424 10
425 17
426 75
427 75
428 17
429 17
430 58
431 33
432 8
433 33
434 64
435 33
436 34
437 8
438 52
439 8
440 45
441 7
442 33
443 60
444 33
445 22
446 66
447 22
448 33
449 69
450 28
451 49
452 29
453 39
454 16
455 80
456 39
457 29
458 72
459 20
460 29
461 1
462 21
463 10
464 10
465 10
466 10
467 10
468 10
469 10
470 10
471 17
472 1
473 1
474 75
475 1
476 1
477 1
478 1
479 74
480 1
481 72
482 72
483 10
484 50
485 73
486 72
487 80
488 61
489 10
490 72
491 19
492 2
493 1
494 2
495 2
496 10
497 1
498 10
499 1
500 1
501 10
502 51
503 1
504 1
505 1
506 1
507 1
508 9
509 1
510 1
511 33
512 69
513 65
514 37
515 37
516 60
517 32
518 66
519 60
520 60
521 12
522 58
523 21
524 75
525 21
526 75
527 21
528 44
529 12
530 44
531 2
532 10
533 50
534 61
535 57
536 78
537 80
538 17
539 35
540 80
541 78
542 60
543 22
544 60
545 65
546 31
547 60
548 23
549 60
550 28
551 10
552 1
553 9
554 5
555 13
556 77
557 17
558 77
559 17
560 77
561 5
562 5
563 9
564 5
565 5
566 5
567 13
568 13
569 5
570 17
571 21
572 75
573 44
574 75
575 44
576 76
577 12
578 21
579 58
580 75
581 36
582 17
583 17
584 36
585 5
586 55
587 8
588 17
589 13
590 13
591 13
592 31
593 78
594 17
595 79
596 17
597 50
598 17
599 17
600 17
601 51
602 5
603 61
604 19
605 35
606 63
607 50
608 73
609 50
610 35
611 74
612 76
613 76
614 77
615 76
616 77
617 13
618 21
619 77
620 76
621 9
622 9
623 9
624 63
625 9
626 9
627 9
628 63
629 9
630 9
631 37
632 66
633 33
634 7
635 7
636 33
637 4
638 4
639 37
640 37
641 80
642 66
643 78
644 66
645 60
646 60
647 37
648 65
649 60
650 60
651 79
652 31
653 20
654 23
655 78
656 31
657 78
658 66
659 60
660 66
661 13
662 17
663 75
664 13
665 13
666 10
667 17
668 5
669 5
670 17
671 76
672 9
673 76
674 76
675 25
676 25
677 76
678 25
679 9
680 76
681 13
682 80
683 17
684 17
685 31
686 29
687 70
688 76
689 50
690 76
691 76
692 76
693 76
694 76
695 76
696 76
697 17
698 17
699 17
700 76
701 29
702 20
703 41
704 20
705 80
706 80
707 61
708 29
709 20
710 80
711 72
712 9
713 19
714 73
715 5
716 76
717 76
718 76
719 68
720 68
721 76
722 73
723 9
724 70
725 5
726 51
727 63
728 76
729 76
730 25
731 76
732 76
733 17
734 17
735 21
736 75
737 76
738 21
739 76
740 8
741 45
742 8
743 17
744 10
745 17
746 75
747 8
748 36
749 44
750 8
751 76
752 76
753 76
754 76
755 76
756 76
757 76
758 76
759 76
760 76
761 9
762 76
763 76
764 76
765 9
766 9
767 76
768 76
769 9
770 76
771 80
772 19
773 19
774 50
775 35
776 17
777 13
778 50
779 35
780 49
781 31
782 35
783 35
784 35
785 50
786 29
787 73
788 80
789 19
790 35
791 19
792 70
793 13
794 17
795 13
796 76
797 13
798 13
799 13
800 17

